1 0 0 0.5504279732704163 
0 1 0 -0.2757447361946106 
0 0 1 -1.497338533401489 
0 0 0 1 

0.9395143389701843 0.1521350741386414 -0.3068672120571136 0.5023340582847595 
-0.1139225661754608 0.9837300181388855 0.1389131397008896 -0.3727644383907318 
0.3230080902576447 -0.09555172920227051 0.9415601491928101 -1.45890200138092 
0 0 0 1 

0.9404868483543396 0.1499814689159393 -0.3049419820308685 0.498755931854248 
-0.1128101497888565 0.9842425584793091 0.136162206530571 -0.3680225014686584 
0.3205587565898895 -0.09365824609994888 0.9425870180130005 -1.46025562286377 
0 0 0 1 

