1 0 0 0.5504279732704163 
0 1 0 -0.2757447361946106 
0 0 1 -1.497338533401489 
0 0 0 1 

0.9398698210716248 0.1516997665166855 -0.3059931993484497 0.5008426308631897 
-0.1133985742926598 0.9837238788604736 0.1393846422433853 -0.373247355222702 
0.3221574425697327 -0.09630419313907623 0.9417749047279358 -1.459420680999756 
0 0 0 1 

0.9401071667671204 0.1501556783914566 -0.3060254752635956 0.5006773471832275 
-0.1130030080676079 0.9842703938484192 0.1358017027378082 -0.367746889591217 
0.3216032087802887 -0.09308629482984543 0.9422876834869385 -1.459552764892578 
0 0 0 1 

