235 134 234 134
229 140 228 140
235 140 234 140
240 140 241 140
229 146 228 146
235 146 234 146
240 146 240 146
223 151 223 151
229 151 229 151
240 151 240 151
235 157 235 157
240 157 241 157
246 157 246 158
223 163 223 163
246 163 246 163
223 169 223 169
229 169 229 169
235 169 235 169
246 169 246 169
229 175 229 175
235 175 235 175
240 175 241 175
229 181 229 181
235 181 234 181
240 181 241 181
246 181 246 181
235 187 234 186
240 187 240 187
246 187 246 187
252 187 252 187
235 193 234 192
240 193 240 193
246 193 246 192
252 193 252 193
235 198 235 198
240 198 240 198
246 198 246 198
252 198 252 199
240 204 240 204
246 204 246 205
252 204 252 204
258 204 258 205
264 204 264 205
246 210 246 210
252 210 252 210
258 210 258 211
264 210 264 211
276 210 276 210
282 210 281 210
287 210 287 210
293 210 293 210
299 210 299 210
305 210 306 210
311 210 313 210
317 210 318 210
340 210 340 211
346 210 346 210
352 210 352 210
358 210 358 210
246 216 246 216
252 216 252 216
258 216 259 218
264 216 264 217
270 216 270 217
276 216 276 216
282 216 282 216
293 216 294 217
299 216 300 216
305 216 307 216
311 216 313 216
317 216 317 216
323 216 322 217
329 216 328 216
334 216 333 216
346 216 346 216
352 216 352 216
358 216 358 216
246 222 246 222
252 222 253 223
258 222 259 224
264 222 265 223
270 222 270 223
276 222 276 223
282 222 282 223
287 222 288 223
293 222 294 222
299 222 299 222
305 222 305 222
311 222 312 221
317 222 318 221
323 222 324 222
329 222 328 222
340 222 339 222
346 222 346 222
352 222 352 222
358 222 358 222
364 222 364 222
246 228 247 229
252 228 253 230
264 228 265 228
270 228 270 229
282 228 282 228
287 228 287 228
293 228 294 228
299 228 300 228
305 228 306 228
311 228 312 228
317 228 317 228
323 228 323 228
329 228 328 228
334 228 335 228
346 228 347 228
352 228 352 227
358 228 357 228
364 228 364 229
370 228 370 228
246 234 247 235
252 234 252 235
258 234 258 234
264 234 264 235
270 234 270 235
293 234 293 233
299 234 300 233
305 234 306 233
311 234 312 234
323 234 322 235
329 234 328 234
334 234 334 234
340 234 340 233
346 234 346 234
358 234 357 234
364 234 364 234
370 234 370 234
252 240 252 239
258 240 258 239
264 240 263 239
270 240 270 240
276 240 275 239
282 240 281 239
287 240 287 238
293 240 294 238
299 240 300 239
329 240 328 241
334 240 334 240
340 240 340 240
364 240 363 241
370 240 370 240
376 240 376 240
258 245 257 244
264 245 263 244
270 245 269 245
276 245 275 245
282 245 281 245
287 245 287 244
293 245 294 245
299 245 299 245
305 245 306 245
311 245 311 245
317 245 317 246
370 245 369 246
376 245 376 246
252 251 252 251
258 251 258 251
264 251 264 251
270 251 269 250
276 251 275 250
287 251 287 252
293 251 293 251
299 251 298 252
305 251 304 253
311 251 311 253
323 251 322 252
329 251 327 252
334 251 334 252
364 251 363 252
370 251 369 252
376 251 376 252
382 251 382 252
258 257 259 258
264 257 264 258
270 257 270 257
276 257 276 257
287 257 287 257
293 257 292 257
299 257 298 258
317 257 316 258
323 257 321 258
329 257 328 257
334 257 335 257
340 257 341 257
358 257 357 258
364 257 363 258
376 257 376 258
264 263 264 265
270 263 270 264
276 263 276 263
282 263 281 263
293 263 292 263
299 263 298 263
323 263 321 264
329 263 328 263
334 263 334 263
340 263 340 263
346 263 346 263
352 263 353 263
358 263 358 264
364 263 364 263
370 263 369 264
376 263 377 264
382 263 382 264
387 263 388 263
264 269 265 270
270 269 271 270
276 269 276 269
282 269 281 269
287 269 287 269
293 269 292 269
305 269 305 270
311 269 310 270
323 269 322 269
329 269 328 269
334 269 334 270
340 269 341 269
346 269 347 269
352 269 353 269
358 269 358 269
364 269 364 270
370 269 370 269
376 269 377 269
382 269 382 269
387 269 387 269
393 269 393 269
270 275 270 275
276 275 276 275
282 275 281 274
287 275 287 274
305 275 305 275
311 275 310 275
317 275 315 275
323 275 321 275
329 275 328 275
340 275 340 275
346 275 346 275
352 275 352 275
358 275 359 275
364 275 365 275
370 275 370 275
376 275 375 275
382 275 382 274
387 275 387 275
393 275 393 275
282 281 281 281
287 281 287 281
293 281 293 281
329 281 329 281
334 281 335 281
340 281 340 281
346 281 346 281
352 281 352 281
358 281 358 281
364 281 364 281
370 281 370 281
376 281 375 281
382 281 381 280
387 281 388 280
393 281 393 281
399 281 399 281
299 287 300 287
311 287 312 287
317 287 317 287
323 287 324 287
329 287 330 287
334 287 336 287
340 287 341 287
346 287 346 287
358 287 358 287
317 293 317 292
323 293 323 292
387 351 387 351
393 351 393 351
252 357 252 357
387 357 387 357
393 357 393 357
317 369 317 370
317 381 317 381
317 392 317 393
323 392 323 393
323 398 323 398
