235 175 14 223
235 181 15 229
240 198 23 249
240 210 19 257
258 210 84 255
346 216 131 269
246 234 25 275
252 234 40 280
334 234 132 280
299 240 114 288
364 245 163 281
323 251 148 291
329 251 152 289
370 251 171 286
382 251 183 280
317 257 140 297
323 257 148 295
329 257 153 294
334 257 159 292
270 263 56 298
317 263 141 304
323 263 148 302
317 269 141 310
393 269 211 289
334 281 188 305
393 281 212 296
399 281 218 294
299 287 95 337
305 287 102 335
323 287 171 314
358 287 175 317
352 293 129 340
252 345 65 406
246 357 47 422
246 363 47 433
252 363 55 426
