235 134 234 134
235 140 235 140
229 146 228 146
235 146 234 145
240 146 240 145
223 151 223 151
240 151 240 151
223 157 223 157
246 157 246 157
223 163 223 163
229 163 229 163
246 163 246 162
223 169 223 169
229 169 229 169
240 169 240 168
246 169 246 168
252 169 252 168
229 175 229 175
235 175 235 175
240 175 241 175
229 181 229 181
235 181 235 181
240 181 240 181
246 181 246 181
235 187 235 187
240 187 240 187
246 187 246 186
252 187 251 186
235 193 235 193
240 193 240 192
246 193 246 192
252 193 252 192
240 198 240 198
246 198 246 198
252 198 253 199
240 204 240 203
246 204 246 203
252 204 252 204
258 204 258 205
240 210 240 208
246 210 245 209
252 210 252 210
258 210 258 211
282 210 281 210
293 210 292 210
299 210 299 210
317 210 317 210
334 210 334 210
346 210 344 210
352 210 351 210
358 210 358 210
246 216 246 216
252 216 252 216
258 216 259 217
264 216 264 217
270 216 270 216
276 216 275 216
287 216 288 216
293 216 293 216
311 216 312 215
317 216 317 215
323 216 323 215
334 216 334 216
346 216 345 216
358 216 357 216
364 216 364 216
252 222 252 223
258 222 258 223
264 222 264 223
276 222 276 223
282 222 282 222
287 222 288 222
293 222 293 222
299 222 299 222
305 222 305 221
311 222 312 221
323 222 323 222
329 222 329 222
334 222 333 223
340 222 339 223
346 222 345 222
352 222 351 222
358 222 357 222
364 222 363 222
252 228 252 229
258 228 258 229
264 228 264 228
270 228 270 228
282 228 282 228
287 228 288 228
299 228 299 227
305 228 305 226
346 228 346 228
358 228 356 228
364 228 362 227
370 228 369 227
246 234 246 233
252 234 252 234
258 234 257 234
264 234 263 234
270 234 269 233
282 234 281 233
287 234 287 234
293 234 294 233
299 234 299 233
305 234 306 233
323 234 322 234
329 234 328 234
334 234 334 234
346 234 345 234
358 234 357 234
364 234 363 234
370 234 370 233
252 240 252 239
258 240 258 239
264 240 263 240
270 240 269 239
276 240 276 240
282 240 281 239
287 240 287 239
293 240 293 239
299 240 299 239
305 240 305 239
311 240 311 240
323 240 321 240
329 240 328 240
334 240 334 240
340 240 339 240
358 240 358 240
370 240 369 240
376 240 376 240
258 245 257 244
270 245 269 245
276 245 275 245
282 245 281 245
287 245 287 245
293 245 293 245
299 245 299 245
305 245 304 245
311 245 311 246
317 245 316 246
323 245 322 247
329 245 328 246
334 245 334 245
358 245 358 245
364 245 364 246
370 245 368 246
376 245 375 245
258 251 257 250
264 251 263 251
270 251 269 251
276 251 275 251
287 251 287 251
293 251 293 252
299 251 299 251
305 251 304 252
311 251 310 252
317 251 315 252
323 251 321 252
329 251 328 252
334 251 335 250
340 251 340 251
346 251 346 252
352 251 353 251
358 251 358 251
382 251 382 251
258 257 257 257
270 257 269 256
287 257 287 257
293 257 293 257
299 257 298 257
305 257 304 257
311 257 310 257
317 257 315 257
323 257 320 257
340 257 340 257
346 257 346 257
352 257 352 258
358 257 357 258
376 257 373 257
382 257 381 257
264 263 263 263
270 263 268 262
276 263 275 262
282 263 281 263
287 263 287 263
293 263 293 263
305 263 304 262
311 263 311 262
317 263 316 263
323 263 321 263
346 263 346 262
352 263 352 264
358 263 357 264
364 263 362 264
370 263 367 264
376 263 373 263
382 263 381 263
387 263 387 263
270 269 269 269
276 269 274 269
282 269 281 269
287 269 287 269
293 269 292 268
299 269 298 269
305 269 305 268
317 269 317 269
346 269 346 269
352 269 352 269
358 269 358 269
364 269 363 269
370 269 369 269
376 269 375 269
382 269 381 269
387 269 387 269
393 269 393 269
270 275 270 275
276 275 275 275
282 275 281 275
287 275 287 275
299 275 299 275
311 275 311 276
317 275 316 275
323 275 323 275
329 275 327 275
334 275 333 275
346 275 346 275
364 275 363 275
376 275 375 275
382 275 381 274
387 275 387 275
393 275 393 275
282 281 281 281
287 281 287 281
293 281 293 280
299 281 298 281
305 281 304 281
329 281 328 281
334 281 333 281
340 281 340 281
346 281 346 281
352 281 352 281
358 281 358 281
364 281 363 281
370 281 370 281
376 281 376 280
382 281 380 281
387 281 387 280
393 281 393 281
399 281 399 281
299 287 299 287
305 287 305 287
311 287 311 287
317 287 317 287
323 287 323 287
329 287 328 287
334 287 334 287
340 287 340 287
346 287 345 287
352 287 352 287
358 287 357 287
364 287 363 287
323 293 323 292
352 293 352 293
387 351 387 352
393 351 393 352
252 357 252 357
387 357 387 357
323 398 323 398
