1 0 0 0.5504279732704163 
0 1 0 -0.2757447361946106 
0 0 1 -1.497338533401489 
0 0 0 1 

0.9389302134513855 0.1528143733739853 -0.3083142638206482 0.5046355128288269 
-0.1144426912069321 0.9836541414260864 0.1390229463577271 -0.3729555308818817 
0.3245193362236023 -0.09524849057197571 0.941071093082428 -1.457964539527893 
0 0 0 1 

0.9394338726997375 0.1506435871124268 -0.3078480660915375 0.5025133490562439 
-0.1123744249343872 0.983956515789032 0.138569563627243 -0.3721346259117126 
0.3237837255001068 -0.09558266401290894 0.9412906169891357 -1.457866787910461 
0 0 0 1 

