1 0 0 0.5504279732704163 
0 1 0 -0.2757447361946106 
0 0 1 -1.497338533401489 
0 0 0 1 

0.9387877583503723 0.1530809700489044 -0.3086157441139221 0.5047029852867126 
-0.1142548322677612 0.9834970235824585 0.1402832418680191 -0.375165581703186 
0.3249973654747009 -0.0964353084564209 0.9407852292060852 -1.457313895225525 
0 0 0 1 

0.9395642280578613 0.1504283249378204 -0.3075549602508545 0.5024345517158508 
-0.1126726865768433 0.9841232895851135 0.1371351629495621 -0.3696325421333313 
0.3233011066913605 -0.09419424086809158 0.9415963292121887 -1.45857846736908 
0 0 0 1 

