1 0 0 0.5504279732704163 
0 1 0 -0.2757447361946106 
0 0 1 -1.497338533401489 
0 0 0 1 

0.9387010931968689 0.1520239859819412 -0.309400737285614 0.5061362981796265 
-0.1132618263363838 0.9836936593055725 0.1397086977958679 -0.3743508458137512 
0.3255946338176727 -0.09610133618116379 0.9406128525733948 -1.457030653953552 
0 0 0 1 

0.9388289451599121 0.1521227955818176 -0.3089639246463776 0.5048900842666626 
-0.1136633157730103 0.9837502837181091 0.1389818489551544 -0.3732421100139618 
0.3250856697559357 -0.09536224603652954 0.9408640265464783 -1.456937551498413 
0 0 0 1 

