1 0 0 0.5504279732704163 
0 1 0 -0.2757447361946106 
0 0 1 -1.497338533401489 
0 0 0 1 

0.9387462735176086 0.1512493789196014 -0.3096430897712708 0.506315290927887 
-0.1125687286257744 0.9838324189186096 0.139291062951088 -0.3738013505935669 
0.3257046043872833 -0.09590277820825577 0.9405950307846069 -1.457092046737671 
0 0 0 1 

0.9387662410736084 0.1528782695531845 -0.3087816536426544 0.5047957897186279 
-0.1143457069993019 0.9836186766624451 0.1393533498048782 -0.3737171292304993 
0.3250275552272797 -0.09551244229078293 0.940869152545929 -1.456848621368408 
0 0 0 1 

