234 134 234 134
228 140 228 140
234 140 234 139
239 140 239 140
228 146 228 145
234 146 233 145
239 146 239 146
222 151 221 152
228 151 228 151
234 151 233 152
239 151 239 152
245 151 245 152
222 157 222 157
228 157 228 157
234 157 233 157
239 157 240 158
245 157 245 158
222 163 222 163
228 163 228 163
239 163 239 163
245 163 245 164
228 169 228 169
234 169 233 169
239 169 239 168
245 169 245 169
251 169 251 168
228 175 228 175
234 175 234 175
239 175 239 175
228 181 228 181
234 181 234 181
239 181 239 181
245 181 245 181
251 181 251 180
234 187 234 187
239 187 240 187
245 187 245 187
251 187 251 187
257 187 257 187
234 193 234 194
239 193 239 194
245 193 245 193
251 193 251 192
257 193 257 193
239 198 239 199
245 198 245 199
251 198 252 199
257 198 257 199
239 204 240 205
245 204 245 204
251 204 252 204
257 204 256 203
263 204 263 204
269 204 269 204
275 204 274 204
239 210 239 210
245 210 246 211
251 210 252 212
257 210 257 211
263 210 263 210
269 210 269 210
275 210 274 210
281 210 280 210
286 210 287 210
292 210 292 210
298 210 298 210
304 210 304 210
310 210 310 210
316 210 316 211
322 210 322 210
339 210 339 210
345 210 345 210
351 210 351 210
357 210 357 210
245 216 245 217
251 216 252 218
257 216 257 218
263 216 263 217
269 216 269 216
275 216 274 216
281 216 280 216
286 216 286 216
292 216 292 215
298 216 298 215
304 216 304 215
310 216 309 216
316 216 314 216
322 216 321 216
328 216 327 216
339 216 339 217
345 216 345 216
351 216 350 216
357 216 357 216
363 216 363 217
245 222 246 223
251 222 251 224
257 222 257 223
263 222 263 222
269 222 269 222
275 222 274 222
281 222 280 222
286 222 286 222
292 222 292 222
298 222 298 221
304 222 304 221
310 222 309 222
316 222 315 222
322 222 322 222
328 222 327 222
339 222 334 223
345 222 344 223
351 222 351 223
357 222 358 222
363 222 363 223
245 228 245 229
251 228 251 229
257 228 257 229
263 228 263 229
269 228 269 228
281 228 280 229
286 228 287 228
292 228 292 228
298 228 298 227
304 228 304 228
310 228 310 228
316 228 316 228
322 228 321 228
328 228 328 227
333 228 334 227
345 228 345 228
351 228 350 228
357 228 357 228
363 228 364 228
369 228 369 228
257 234 257 235
263 234 262 235
269 234 269 234
275 234 275 234
281 234 280 234
286 234 287 235
292 234 293 234
298 234 298 234
304 234 305 234
310 234 310 235
316 234 316 234
322 234 322 234
328 234 327 233
333 234 332 234
345 234 345 233
351 234 351 233
357 234 357 233
363 234 364 233
369 234 369 233
251 240 251 240
257 240 257 241
263 240 263 241
269 240 269 241
275 240 275 240
281 240 281 240
286 240 286 240
292 240 292 240
298 240 297 239
304 240 304 239
310 240 310 240
316 240 316 240
322 240 322 240
328 240 327 240
339 240 334 239
345 240 339 239
351 240 351 238
363 240 364 240
369 240 368 240
375 240 375 240
251 245 251 246
257 245 257 246
263 245 264 247
269 245 270 247
275 245 275 246
281 245 281 246
286 245 287 245
292 245 291 246
298 245 297 245
304 245 302 246
310 245 311 246
316 245 316 245
322 245 322 245
328 245 327 245
339 245 335 245
345 245 338 245
351 245 344 245
357 245 350 245
363 245 362 245
369 245 368 245
375 245 374 245
257 251 257 252
263 251 264 253
269 251 269 252
275 251 275 252
286 251 287 252
292 251 293 254
298 251 298 252
304 251 303 252
310 251 311 252
316 251 317 251
322 251 322 251
328 251 328 251
339 251 333 252
345 251 339 252
351 251 344 252
357 251 351 252
363 251 357 251
369 251 363 251
381 251 380 251
257 257 257 257
263 257 265 259
269 257 270 259
275 257 275 258
281 257 281 258
286 257 286 258
292 257 292 259
298 257 298 259
304 257 304 257
310 257 311 257
316 257 317 257
322 257 323 257
333 257 326 258
339 257 332 258
345 257 339 259
351 257 344 259
357 257 352 259
363 257 358 258
369 257 363 257
375 257 369 257
381 257 381 258
386 257 386 257
263 263 263 264
269 263 269 264
275 263 274 263
281 263 280 263
292 263 292 264
298 263 298 264
304 263 304 263
310 263 310 262
316 263 316 263
322 263 322 263
339 263 333 264
345 263 346 264
351 263 351 264
369 263 369 264
375 263 375 264
381 263 381 264
386 263 386 263
269 269 268 269
275 269 274 268
281 269 280 268
286 269 287 269
292 269 292 269
298 269 298 269
304 269 304 268
310 269 310 269
316 269 316 270
345 269 345 269
351 269 351 269
357 269 356 269
363 269 363 269
369 269 369 270
375 269 375 270
381 269 381 269
386 269 386 269
392 269 392 269
275 275 274 274
281 275 280 274
286 275 287 275
292 275 293 275
298 275 298 275
304 275 304 275
310 275 310 275
316 275 316 275
322 275 322 276
333 275 329 276
339 275 339 275
345 275 345 274
351 275 351 275
357 275 357 275
363 275 363 275
369 275 369 275
375 275 375 275
381 275 381 274
386 275 387 274
392 275 392 275
398 275 398 275
281 281 280 281
286 281 286 281
292 281 292 281
298 281 297 281
304 281 304 281
310 281 310 281
328 281 328 281
333 281 333 281
339 281 340 281
345 281 346 281
351 281 351 281
357 281 357 281
363 281 363 281
369 281 369 281
375 281 375 280
381 281 381 281
386 281 386 281
392 281 392 281
398 281 398 281
304 287 304 287
310 287 310 287
316 287 316 287
322 287 322 287
328 287 327 287
333 287 333 286
339 287 340 286
345 287 345 287
351 287 351 287
357 287 357 287
363 287 363 287
310 293 310 293
316 293 316 292
322 293 322 293
351 293 351 293
322 298 322 298
245 351 245 351
251 351 251 351
386 351 386 352
392 351 392 351
245 357 245 357
251 357 251 357
386 357 386 357
392 357 392 357
245 363 246 363
251 363 251 363
316 363 316 362
316 369 316 368
316 375 316 374
316 381 316 380
316 387 316 387
316 392 316 392
322 392 322 393
316 398 316 398
322 398 322 399
