1 0 0 0.5504279732704163 
0 1 0 -0.2757447361946106 
0 0 1 -1.497338533401489 
0 0 0 1 

0.9387462735176086 0.1512493789196014 -0.3096430897712708 0.506315290927887 
-0.1125687286257744 0.9838324189186096 0.139291062951088 -0.3738013505935669 
0.3257046043872833 -0.09590277820825577 0.9405950307846069 -1.457092046737671 
0 0 0 1 

0.9384020566940308 0.1535075753927231 -0.3095751702785492 0.5059154033660889 
-0.1149062663316727 0.9835472702980042 0.1393962204456329 -0.3735798895359039 
0.3258801996707916 -0.09523750841617584 0.9406017661094666 -1.456620454788208 
0 0 0 1 

