1 0 0 0.5504279732704163 
0 1 0 -0.2757447361946106 
0 0 1 -1.497338533401489 
0 0 0 1 

0.9387783408164978 0.1510600000619888 -0.3096383512020111 0.5063034296035767 
-0.1124563366174698 0.9838802218437195 0.1390438973903656 -0.3734341859817505 
0.3256510496139526 -0.09571055322885513 0.9406331777572632 -1.457123994827271 
0 0 0 1 

0.9383610486984253 0.153687059879303 -0.3096104860305786 0.5059565901756287 
-0.1150127276778221 0.9835028052330017 0.1396198570728302 -0.3739108145236969 
0.3259606063365936 -0.09540461748838425 0.940557062625885 -1.456572532653809 
0 0 0 1 

