269 189 13 220
269 200 15 231
280 200 19 226
280 205 21 231
269 210 9 238
275 210 15 239
312 210 39 228
318 210 52 228
323 210 60 228
318 216 47 234
328 216 71 233
318 221 60 240
312 226 55 250
328 226 72 246
334 226 79 244
312 232 56 256
323 232 67 253
328 232 72 252
334 232 79 251
318 237 63 260
323 237 67 259
328 237 74 260
334 237 81 260
280 242 33 273
318 242 63 265
371 242 146 269
377 242 153 269
318 248 68 274
366 248 140 275
371 248 147 275
302 253 51 283
307 253 58 282
318 253 69 280
371 253 145 281
377 253 153 280
393 253 171 278
398 253 178 277
307 258 58 289
312 258 64 287
318 258 71 287
387 258 167 283
393 258 173 282
307 264 60 296
312 264 66 295
318 264 72 293
312 269 67 300
334 269 87 294
393 269 172 290
318 275 61 303
328 275 84 301
334 275 91 299
344 275 104 298
350 275 110 297
371 275 149 300
377 275 155 299
436 275 198 286
323 280 73 307
328 280 85 307
334 280 93 305
366 280 143 307
430 280 192 296
436 280 200 294
302 285 58 321
307 285 63 320
323 285 73 314
328 285 79 314
334 285 93 313
344 285 106 310
366 285 137 312
328 291 94 321
334 291 100 321
318 296 82 332
323 296 90 330
350 296 106 323
355 296 114 322
361 296 130 318
366 296 136 318
328 301 96 334
350 301 108 330
361 301 132 325
371 301 151 323
377 301 146 324
334 307 123 336
339 307 127 334
344 307 108 336
280 350 60 410
275 355 53 416
275 360 54 423
339 360 123 409
334 366 117 418
382 366 172 405
387 371 179 411
328 376 106 435
403 387 201 427
398 392 194 436
403 392 201 434
398 398 195 445
403 398 203 442
