1 0 0 0.5504279732704163 
0 1 0 -0.2757447361946106 
0 0 1 -1.497338533401489 
0 0 0 1 

0.9150873422622681 0.1145918592810631 -0.386631190776825 0.5356124639511108 
-0.08442763239145279 0.9919688105583191 0.09417982399463654 -0.3576282560825348 
0.3943183422088623 -0.05354036390781403 0.9174128174781799 -1.524737477302551 
0 0 0 1 

0.9135236144065857 0.117388591170311 -0.3894795775413513 0.5400916337966919 
-0.08695875108242035 0.9916787147521973 0.09492889046669006 -0.3583698570728302 
0.3973821997642517 -0.05285108089447021 0.9161298871040344 -1.522645711898804 
0 0 0 1 

