259 178 259 178
264 178 264 178
264 183 264 183
269 189 269 189
269 194 270 194
275 194 275 194
269 200 269 199
275 200 275 199
280 200 280 199
269 205 269 205
275 205 275 205
280 205 280 205
286 205 285 205
291 205 291 205
296 205 296 205
275 210 275 210
280 210 281 211
286 210 285 210
291 210 290 210
296 210 296 210
302 210 301 210
307 210 307 210
312 210 312 210
318 210 317 210
323 210 323 210
280 216 281 215
286 216 286 215
291 216 290 215
296 216 297 215
302 216 302 216
307 216 307 215
312 216 311 215
318 216 318 216
323 216 323 216
328 216 328 216
275 221 276 222
280 221 281 221
286 221 287 221
291 221 291 221
296 221 296 221
302 221 302 221
307 221 307 220
312 221 311 220
318 221 317 221
323 221 322 221
328 221 328 221
334 221 334 221
280 226 282 227
286 226 286 227
291 226 291 226
296 226 297 227
307 226 307 226
312 226 313 226
318 226 318 226
323 226 323 227
328 226 328 226
334 226 334 227
339 226 339 226
350 226 350 227
280 232 281 232
286 232 286 231
291 232 292 232
296 232 296 232
302 232 301 232
307 232 307 232
312 232 313 232
318 232 318 231
323 232 324 232
328 232 329 232
334 232 334 232
339 232 339 232
344 232 344 232
366 232 366 232
275 237 275 237
286 237 286 238
291 237 292 238
296 237 298 238
302 237 302 238
307 237 307 237
312 237 312 237
318 237 318 238
323 237 323 238
328 237 330 238
334 237 335 238
339 237 339 237
344 237 344 237
350 237 351 236
355 237 356 237
361 237 359 236
366 237 365 236
371 237 371 237
280 242 280 243
286 242 286 243
296 242 297 243
302 242 302 243
307 242 307 242
312 242 313 242
318 242 318 242
339 242 340 244
344 242 345 243
350 242 350 241
355 242 356 242
361 242 359 241
366 242 365 242
280 248 280 248
291 248 290 247
296 248 296 248
302 248 303 248
307 248 307 247
312 248 312 248
318 248 318 248
339 248 339 249
344 248 344 249
355 248 355 248
361 248 359 248
366 248 364 248
371 248 370 247
377 248 376 247
382 248 382 248
387 248 388 248
291 253 290 252
296 253 296 253
302 253 302 253
307 253 307 253
312 253 312 253
318 253 317 253
339 253 339 254
344 253 345 255
350 253 350 253
355 253 355 253
361 253 359 254
377 253 376 252
382 253 382 253
387 253 387 253
393 253 393 253
398 253 398 253
286 258 285 258
307 258 306 259
312 258 312 259
318 258 317 258
334 258 334 258
339 258 339 258
344 258 344 259
350 258 350 259
361 258 360 258
366 258 365 258
371 258 372 258
377 258 378 258
382 258 383 259
393 258 393 259
403 258 403 258
286 264 285 264
291 264 290 264
296 264 296 264
302 264 301 265
307 264 306 264
312 264 312 264
318 264 317 264
323 264 322 264
328 264 329 264
334 264 334 264
339 264 339 264
344 264 345 264
350 264 350 264
371 264 371 264
377 264 378 264
382 264 383 264
387 264 388 264
398 264 398 264
409 264 409 264
414 264 414 264
291 269 290 269
296 269 295 270
302 269 301 270
312 269 312 269
318 269 317 269
323 269 322 269
328 269 329 269
334 269 334 269
339 269 340 269
344 269 345 269
350 269 350 269
361 269 360 270
366 269 366 269
371 269 371 269
377 269 377 270
382 269 382 269
393 269 392 269
398 269 398 269
409 269 409 270
414 269 415 270
425 269 425 269
296 275 295 275
302 275 301 275
307 275 306 274
312 275 312 274
318 275 316 274
323 275 322 274
328 275 328 274
334 275 335 275
339 275 340 274
344 275 345 275
350 275 351 275
355 275 355 275
366 275 365 275
371 275 371 275
377 275 376 275
382 275 381 275
387 275 388 274
393 275 393 274
398 275 398 274
403 275 403 275
409 275 409 275
414 275 414 275
420 275 419 275
425 275 425 275
430 275 430 275
436 275 436 274
302 280 301 280
307 280 306 280
312 280 312 280
318 280 318 280
323 280 322 280
328 280 328 280
334 280 334 281
339 280 339 280
344 280 345 281
350 280 351 280
355 280 355 280
377 280 375 281
382 280 381 280
387 280 387 280
393 280 392 280
398 280 398 280
403 280 403 280
409 280 409 280
425 280 425 280
430 280 430 280
436 280 436 280
307 285 307 285
312 285 313 286
318 285 318 285
323 285 322 285
328 285 328 285
334 285 334 286
339 285 339 286
344 285 344 286
350 285 351 286
355 285 355 286
361 285 360 285
366 285 365 285
371 285 370 286
377 285 375 286
387 285 387 285
393 285 393 285
398 285 398 285
409 285 409 285
414 285 414 285
425 285 425 285
307 291 307 291
312 291 312 291
318 291 317 290
323 291 322 290
328 291 327 290
334 291 333 291
339 291 339 291
344 291 345 291
350 291 350 291
355 291 355 291
361 291 361 291
371 291 371 291
382 291 382 291
398 291 398 291
403 291 403 291
409 291 409 291
323 296 323 296
328 296 328 296
339 296 338 296
344 296 344 296
350 296 350 296
355 296 355 296
361 296 360 296
366 296 366 296
382 296 382 296
387 296 387 296
393 296 393 296
398 296 398 296
328 301 328 301
334 301 334 302
339 301 339 302
344 301 345 302
350 301 351 301
361 301 361 301
366 301 366 301
371 301 372 301
377 301 377 301
382 301 382 301
339 307 339 307
275 360 275 360
334 376 334 376
328 387 329 387
398 392 398 392
403 392 403 393
398 398 398 398
409 398 409 398
403 403 403 403
318 409 318 408
