280 200 15 225
275 205 9 231
280 205 21 232
280 210 23 237
286 210 30 236
318 210 54 229
269 216 12 244
312 216 40 235
318 216 48 235
328 216 73 236
323 221 67 240
323 226 67 245
328 226 73 243
334 226 79 243
275 232 18 256
307 232 49 257
323 232 67 252
328 232 73 250
334 232 80 250
361 232 139 264
275 237 19 261
323 237 68 259
296 242 39 267
302 242 45 265
307 242 51 264
312 242 57 264
355 242 133 275
371 242 146 269
377 242 152 268
328 248 76 270
366 248 140 276
291 253 47 298
296 253 45 285
302 253 59 296
307 253 67 294
328 253 78 277
334 253 82 275
393 253 172 278
398 253 178 277
302 258 60 303
307 258 68 301
323 258 73 283
328 258 78 282
387 258 167 284
393 258 173 283
291 264 41 298
323 264 73 288
328 264 78 289
334 264 85 287
344 264 96 272
377 264 153 288
328 269 79 294
334 269 86 293
344 269 96 286
350 269 105 286
371 269 149 293
377 269 155 293
398 269 179 290
328 275 81 300
344 275 103 297
350 275 110 297
371 275 150 300
377 275 155 299
393 275 167 299
398 275 172 298
403 275 179 298
425 275 192 289
436 275 203 287
339 280 99 306
350 280 110 303
366 280 143 306
371 280 150 305
393 280 166 306
436 280 200 294
323 285 74 313
334 285 93 316
350 285 108 311
307 291 65 326
339 291 75 319
350 296 107 323
355 296 114 322
361 296 130 319
328 301 96 335
350 301 108 330
355 301 115 329
361 301 132 325
366 301 139 324
371 301 151 323
334 307 122 336
339 307 128 334
344 307 108 336
339 312 128 340
280 350 60 410
275 355 54 416
334 366 117 417
382 366 171 405
387 371 180 411
398 376 191 415
328 387 107 444
398 392 194 438
403 392 201 434
398 398 195 446
403 398 202 441
403 403 203 448
