1 0 0 0.5504279732704163 
0 1 0 -0.2757447361946106 
0 0 1 -1.497338533401489 
0 0 0 1 

0.9147571325302124 0.1112541183829308 -0.388383537530899 0.5396565794944763 
-0.08232379704713821 0.9924964308738708 0.09040810912847519 -0.352320671081543 
0.395527571439743 -0.05072823539376259 0.9170520901679993 -1.524362087249756 
0 0 0 1 

0.9134983420372009 0.1146196871995926 -0.3903625011444092 0.5420592427253723 
-0.08506116271018982 0.9920961260795593 0.0922488272190094 -0.3546496331691742 
0.3978506922721863 -0.05106441676616669 0.9160279035568237 -1.522486090660095 
0 0 0 1 

