1 0 0 0.5504279732704163 
0 1 0 -0.2757447361946106 
0 0 1 -1.497338533401489 
0 0 0 1 

0.9151183366775513 0.1102985739707947 -0.38780477643013 0.539221465587616 
-0.08170612156391144 0.9926283359527588 0.08951588720083237 -0.3507784008979797 
0.3948194980621338 -0.05023156479001045 0.9173844456672668 -1.524903535842896 
0 0 0 1 

0.9124881625175476 0.1136961132287979 -0.3929871320724487 0.5466883778572083 
-0.08424816280603409 0.9922397136688232 0.0914490669965744 -0.3532251119613647 
0.400334894657135 -0.05033751204609871 0.9149855375289917 -1.521046280860901 
0 0 0 1 

