235 134 235 134
229 140 229 139
235 140 234 140
240 140 240 139
229 146 229 145
235 146 234 145
240 146 240 145
223 151 223 151
229 151 229 151
235 151 235 151
240 151 240 152
223 157 223 158
235 157 234 157
240 157 240 157
246 157 246 157
223 163 223 163
229 163 229 163
235 163 234 163
240 163 240 163
246 163 246 163
223 169 223 169
229 169 229 169
235 169 234 169
240 169 240 168
246 169 246 169
252 169 252 169
229 175 229 175
235 175 235 175
240 175 240 174
252 175 252 175
229 181 229 181
235 181 235 181
240 181 240 181
246 181 246 181
252 181 252 181
235 187 234 187
240 187 240 187
246 187 246 187
252 187 252 187
235 193 234 193
240 193 240 192
246 193 246 193
252 193 252 192
258 193 257 192
235 198 235 198
240 198 240 199
246 198 247 199
252 198 253 198
258 198 258 198
240 204 240 204
246 204 246 203
252 204 252 204
258 204 258 204
264 204 264 204
270 204 269 204
240 210 240 209
246 210 246 210
252 210 252 210
258 210 258 211
264 210 263 210
270 210 270 210
276 210 275 210
282 210 281 210
287 210 287 210
293 210 292 210
299 210 299 210
305 210 305 210
311 210 310 210
317 210 317 210
323 210 323 210
340 210 341 210
346 210 347 210
352 210 351 210
358 210 358 210
246 216 246 216
252 216 252 216
258 216 258 217
264 216 264 216
270 216 270 216
276 216 275 216
282 216 280 216
287 216 287 216
293 216 293 216
299 216 299 216
305 216 304 215
311 216 310 216
317 216 320 216
329 216 330 215
334 216 335 216
340 216 341 216
346 216 347 216
352 216 351 216
358 216 358 216
364 216 364 216
246 222 247 223
252 222 253 222
258 222 258 222
264 222 264 223
270 222 270 222
276 222 275 221
282 222 281 221
287 222 287 221
293 222 293 222
299 222 299 221
305 222 305 221
311 222 315 221
323 222 323 222
329 222 329 222
334 222 336 222
340 222 341 221
346 222 347 221
352 222 352 222
358 222 358 222
364 222 364 223
246 228 247 228
252 228 252 229
258 228 258 229
264 228 264 228
270 228 270 228
276 228 276 228
282 228 281 228
287 228 287 227
293 228 293 227
299 228 299 227
305 228 306 227
311 228 315 227
317 228 320 227
329 228 329 228
334 228 335 229
340 228 339 228
346 228 346 228
352 228 352 228
358 228 358 228
364 228 364 228
370 228 370 228
246 234 246 233
252 234 252 234
258 234 258 235
264 234 264 234
270 234 270 235
282 234 282 233
287 234 287 234
293 234 293 234
299 234 299 234
305 234 306 234
311 234 312 234
317 234 321 233
329 234 328 233
334 234 334 234
340 234 340 234
346 234 346 234
352 234 352 234
358 234 358 234
364 234 364 234
370 234 370 234
252 240 252 240
258 240 259 241
264 240 265 240
270 240 270 240
276 240 276 240
282 240 282 240
287 240 288 240
293 240 292 240
299 240 298 239
305 240 304 239
311 240 311 239
317 240 321 238
323 240 326 238
334 240 334 239
340 240 340 239
346 240 346 239
352 240 351 240
364 240 363 240
370 240 369 240
376 240 376 240
252 245 252 246
258 245 258 246
264 245 264 246
270 245 270 246
276 245 276 245
282 245 282 246
287 245 287 246
293 245 293 246
299 245 298 245
305 245 304 246
311 245 310 245
317 245 316 245
323 245 323 244
364 245 363 246
370 245 368 245
376 245 375 245
252 251 253 252
258 251 258 251
264 251 264 252
270 251 270 252
276 251 276 252
287 251 287 252
293 251 294 252
299 251 300 251
305 251 305 251
311 251 310 251
317 251 316 251
323 251 322 252
334 251 327 251
346 251 352 250
352 251 358 250
370 251 369 250
376 251 375 250
382 251 381 251
258 257 258 257
264 257 263 257
270 257 270 258
276 257 276 258
282 257 282 258
287 257 287 258
293 257 294 257
299 257 300 257
311 257 311 256
317 257 316 257
323 257 322 257
334 257 326 257
340 257 339 257
346 257 345 257
352 257 358 257
364 257 363 257
370 257 369 257
376 257 376 258
382 257 381 256
387 257 387 257
264 263 264 263
270 263 270 263
276 263 276 263
282 263 282 264
287 263 287 264
293 263 294 263
299 263 303 262
305 263 309 261
317 263 316 262
323 263 322 263
334 263 327 264
346 263 346 262
352 263 351 263
358 263 357 263
364 263 363 263
370 263 370 264
376 263 375 264
382 263 381 263
387 263 388 263
264 269 264 269
270 269 269 268
276 269 274 268
282 269 282 270
287 269 288 270
293 269 293 269
299 269 299 269
305 269 305 269
311 269 310 268
323 269 321 269
329 269 328 269
334 269 334 269
340 269 345 268
346 269 352 269
358 269 358 269
364 269 363 269
370 269 369 270
376 269 375 270
382 269 381 269
387 269 387 268
393 269 393 269
270 275 270 275
276 275 275 274
282 275 281 275
287 275 287 275
293 275 293 275
299 275 299 275
305 275 304 275
311 275 311 276
317 275 315 276
323 275 322 275
329 275 329 275
340 275 340 275
346 275 347 274
358 275 358 275
364 275 364 275
370 275 370 275
376 275 375 275
382 275 380 275
387 275 387 275
393 275 393 275
282 281 281 281
287 281 287 281
293 281 293 281
299 281 298 281
311 281 310 281
323 281 322 282
329 281 328 281
334 281 333 281
340 281 340 281
346 281 346 281
352 281 352 281
358 281 358 281
364 281 364 281
370 281 370 281
376 281 375 281
382 281 382 281
387 281 388 281
393 281 393 281
399 281 399 280
299 287 299 287
305 287 304 287
311 287 310 287
317 287 316 287
323 287 322 287
329 287 327 287
334 287 333 287
340 287 340 287
346 287 346 287
352 287 352 287
358 287 358 287
364 287 364 287
311 293 311 292
317 293 317 293
323 293 323 293
352 293 352 293
317 298 317 298
246 351 246 351
252 351 252 351
387 351 387 351
393 351 393 352
246 357 246 357
252 357 252 357
387 357 387 357
393 357 393 357
246 363 246 363
252 363 252 363
317 363 317 364
317 369 316 369
317 375 317 374
317 381 317 380
317 387 317 386
317 392 317 393
323 392 323 393
317 398 317 398
323 398 323 398
