245 151 87 247
234 175 13 223
234 181 14 229
239 198 18 249
245 198 24 248
357 210 156 269
245 216 26 263
310 216 111 270
345 216 130 268
351 216 151 273
245 222 26 267
245 228 27 277
357 228 144 272
345 251 152 290
333 257 141 299
345 257 154 297
351 257 160 296
263 263 44 298
269 263 55 297
322 263 142 304
333 263 149 304
339 263 156 303
322 269 143 311
333 269 154 309
333 275 155 315
398 275 216 290
363 281 192 303
392 281 211 297
398 281 218 294
328 287 157 321
357 287 170 318
351 293 128 340
245 351 41 422
386 351 198 434
392 351 204 426
245 363 47 428
