234 134 233 134
228 140 228 140
234 140 233 140
239 140 239 140
228 146 228 145
234 146 233 145
239 146 239 146
222 151 222 151
228 151 228 151
234 151 233 152
239 151 239 152
245 151 245 152
222 157 222 157
228 157 228 157
234 157 233 157
239 157 239 157
245 157 246 158
222 163 222 163
228 163 227 163
234 163 233 162
239 163 238 162
245 163 245 164
228 169 228 169
234 169 233 169
245 169 245 169
251 169 251 169
228 175 228 175
234 175 233 175
239 175 239 175
228 181 228 181
234 181 234 181
239 181 239 181
245 181 245 181
251 181 251 181
234 187 234 187
239 187 239 187
245 187 245 186
251 187 251 187
257 187 257 187
234 193 234 193
239 193 239 192
245 193 245 192
251 193 251 193
257 193 257 193
239 198 239 197
245 198 245 198
251 198 251 198
257 198 257 199
239 204 239 204
245 204 245 203
251 204 251 204
257 204 257 204
263 204 262 204
269 204 269 204
275 204 275 205
239 210 239 209
245 210 245 209
251 210 251 210
257 210 258 211
263 210 263 210
269 210 269 211
275 210 274 210
281 210 280 210
286 210 286 210
292 210 292 210
298 210 299 210
304 210 305 210
310 210 310 210
316 210 315 210
322 210 322 210
328 210 327 210
333 210 333 210
339 210 338 211
345 210 344 210
351 210 350 210
357 210 357 210
245 216 244 215
251 216 251 216
257 216 258 216
263 216 263 216
269 216 269 217
275 216 274 217
281 216 280 216
286 216 287 217
292 216 293 216
298 216 299 215
304 216 304 215
310 216 310 217
316 216 315 217
322 216 321 216
328 216 328 216
333 216 334 216
339 216 339 217
345 216 345 216
351 216 350 216
357 216 355 216
363 216 363 216
245 222 245 222
251 222 251 223
257 222 257 222
263 222 264 223
269 222 269 223
275 222 274 222
281 222 281 223
286 222 286 223
292 222 293 221
298 222 299 221
304 222 306 221
310 222 311 221
316 222 316 221
322 222 323 222
328 222 328 222
333 222 334 222
339 222 339 222
345 222 345 222
351 222 351 222
357 222 357 222
363 222 362 222
245 228 245 228
251 228 251 229
257 228 257 228
263 228 264 229
269 228 269 228
275 228 275 227
281 228 280 228
286 228 286 228
292 228 293 228
298 228 300 227
304 228 306 227
310 228 311 227
316 228 316 228
322 228 322 228
328 228 328 228
333 228 333 228
339 228 340 228
345 228 347 228
351 228 352 228
357 228 357 228
363 228 363 228
369 228 369 228
257 234 257 234
263 234 264 234
269 234 269 234
275 234 275 233
281 234 281 233
286 234 287 234
292 234 292 233
298 234 298 233
304 234 305 234
310 234 311 234
316 234 316 234
328 234 328 233
333 234 333 234
339 234 339 234
345 234 346 234
351 234 351 233
357 234 358 233
363 234 363 233
369 234 369 234
251 240 251 240
257 240 257 240
263 240 264 240
269 240 269 239
275 240 274 239
281 240 281 240
286 240 287 240
292 240 293 239
298 240 298 239
304 240 304 239
310 240 310 240
316 240 316 240
322 240 322 239
328 240 328 239
333 240 333 240
345 240 346 239
369 240 369 240
375 240 375 240
251 245 251 245
257 245 257 246
263 245 263 246
269 245 269 246
275 245 274 245
281 245 280 245
286 245 287 246
292 245 293 246
298 245 298 245
304 245 303 245
310 245 310 245
316 245 315 245
322 245 322 245
339 245 334 246
363 245 363 245
369 245 369 246
375 245 374 246
251 251 251 251
257 251 257 252
263 251 264 253
269 251 269 252
275 251 274 251
286 251 286 251
292 251 293 251
298 251 299 251
304 251 304 251
310 251 309 250
316 251 315 250
322 251 320 251
328 251 326 251
339 251 332 252
345 251 345 251
351 251 351 252
363 251 358 252
369 251 364 251
375 251 374 251
381 251 381 251
257 257 257 257
269 257 269 258
275 257 275 257
281 257 280 257
286 257 286 257
292 257 293 257
298 257 299 257
304 257 304 256
310 257 309 255
316 257 315 256
322 257 320 257
333 257 326 258
339 257 338 257
345 257 344 257
351 257 351 258
363 257 358 258
369 257 364 257
375 257 370 257
381 257 382 258
386 257 387 258
263 263 264 264
269 263 269 264
275 263 275 262
281 263 280 263
292 263 292 263
298 263 298 262
304 263 304 261
310 263 311 261
316 263 315 261
322 263 321 262
333 263 326 263
345 263 345 263
351 263 350 263
357 263 356 264
369 263 364 264
375 263 375 264
381 263 382 264
386 263 387 263
269 269 269 269
275 269 274 269
281 269 281 269
286 269 287 270
292 269 292 269
298 269 297 269
304 269 303 268
310 269 311 268
316 269 317 268
322 269 322 268
328 269 328 268
333 269 339 268
345 269 346 269
351 269 351 269
357 269 356 269
363 269 362 269
369 269 368 269
375 269 375 270
381 269 382 270
386 269 387 270
392 269 392 269
275 275 274 275
281 275 280 275
286 275 286 275
292 275 292 275
298 275 297 275
304 275 302 275
310 275 310 276
316 275 316 275
322 275 322 275
328 275 334 275
333 275 339 274
339 275 344 274
351 275 351 275
357 275 357 275
363 275 363 275
369 275 369 275
375 275 374 275
381 275 381 275
386 275 387 275
392 275 392 275
398 275 398 275
281 281 281 281
286 281 286 281
292 281 292 281
298 281 297 281
304 281 302 281
310 281 309 281
328 281 328 281
333 281 333 281
339 281 340 281
345 281 345 281
351 281 352 280
357 281 358 280
363 281 364 280
369 281 368 281
375 281 375 280
381 281 380 281
386 281 385 281
392 281 391 281
398 281 398 281
304 287 303 287
310 287 310 287
316 287 316 287
322 287 322 287
328 287 327 287
333 287 333 287
339 287 339 287
345 287 345 287
351 287 351 287
357 287 357 287
363 287 363 287
310 293 310 293
316 293 316 293
322 293 322 293
351 293 351 293
322 298 322 298
322 304 322 304
328 304 328 304
333 304 333 305
322 310 322 311
328 310 328 310
322 316 322 316
328 316 327 316
322 322 322 322
328 322 328 322
333 322 333 322
322 328 322 328
333 328 334 328
339 328 339 328
251 345 251 345
245 351 245 351
251 351 251 351
386 351 386 352
392 351 392 351
245 357 245 357
251 357 251 357
386 357 387 357
392 357 392 357
245 363 245 363
251 363 251 363
316 363 316 361
316 369 316 368
316 375 316 374
316 381 316 380
316 387 316 387
316 392 316 393
322 392 321 393
316 398 316 398
322 398 322 398
