1 0 0 0.5504279732704163 
0 1 0 -0.2757447361946106 
0 0 1 -1.497338533401489 
0 0 0 1 

0.9387010931968689 0.1520239859819412 -0.309400737285614 0.5061362981796265 
-0.1132618263363838 0.9836936593055725 0.1397086977958679 -0.3743508458137512 
0.3255946338176727 -0.09610133618116379 0.9406128525733948 -1.457030653953552 
0 0 0 1 

0.9393911957740784 0.1517744958400726 -0.3074221312999725 0.5028654932975769 
-0.1142111718654633 0.9839922785758972 0.1368009746074677 -0.3696048259735107 
0.323263943195343 -0.09339870512485504 0.9416884183883667 -1.457759141921997 
0 0 0 1 

