259 173 259 173
264 183 264 183
264 189 264 189
269 189 270 189
264 194 264 195
269 194 270 194
275 194 275 194
269 200 270 200
275 200 275 199
269 205 270 205
275 205 275 205
280 205 281 205
286 205 286 205
291 205 291 205
296 205 296 205
275 210 275 210
280 210 280 210
286 210 285 210
291 210 291 210
296 210 296 210
302 210 301 210
307 210 306 210
312 210 312 210
318 210 318 210
323 210 323 210
280 216 281 216
286 216 286 215
291 216 290 215
296 216 295 216
302 216 302 216
307 216 307 216
312 216 312 216
318 216 318 216
323 216 323 215
328 216 328 216
275 221 275 221
280 221 282 221
286 221 286 221
291 221 291 221
296 221 295 221
307 221 307 221
312 221 313 221
318 221 319 222
323 221 324 221
328 221 329 221
334 221 334 221
275 226 275 226
280 226 282 227
286 226 287 227
291 226 291 227
296 226 296 227
302 226 300 225
307 226 305 225
323 226 323 227
328 226 328 226
334 226 333 226
339 226 339 226
280 232 281 233
286 232 286 232
291 232 291 232
296 232 295 232
302 232 301 231
307 232 306 231
312 232 312 231
318 232 317 231
323 232 323 232
328 232 327 232
334 232 334 232
339 232 339 232
350 232 350 232
366 232 366 232
275 237 275 237
280 237 280 237
286 237 286 238
291 237 291 237
296 237 296 236
302 237 302 236
307 237 307 237
312 237 313 237
318 237 318 236
334 237 334 237
339 237 340 238
344 237 344 238
350 237 350 237
355 237 356 238
361 237 361 238
371 237 371 237
280 242 281 243
286 242 286 243
291 242 291 243
296 242 297 242
302 242 302 242
307 242 307 242
312 242 313 243
318 242 318 242
334 242 334 243
339 242 340 244
344 242 344 242
355 242 357 243
366 242 367 243
371 242 371 243
286 248 286 248
291 248 291 248
296 248 296 247
302 248 301 247
307 248 307 248
312 248 313 248
318 248 318 248
323 248 323 248
328 248 328 248
334 248 334 248
339 248 339 248
344 248 344 248
350 248 350 247
361 248 362 248
371 248 371 248
377 248 376 248
382 248 382 247
387 248 387 248
286 253 286 253
296 253 296 253
302 253 302 253
307 253 307 253
312 253 313 254
318 253 318 253
334 253 333 253
339 253 339 253
344 253 344 253
350 253 350 253
377 253 378 253
382 253 383 253
387 253 388 253
393 253 392 253
398 253 398 253
286 258 286 258
291 258 291 259
296 258 296 259
302 258 301 259
307 258 307 259
312 258 312 259
323 258 324 259
328 258 328 260
334 258 334 259
339 258 339 258
344 258 345 258
350 258 350 258
355 258 355 258
361 258 361 259
382 258 382 259
387 258 387 259
393 258 391 258
398 258 397 258
403 258 403 258
286 264 286 264
291 264 291 264
296 264 296 264
302 264 302 264
307 264 307 264
312 264 313 265
318 264 318 265
323 264 324 265
328 264 328 265
334 264 334 264
339 264 340 264
344 264 345 264
350 264 350 265
361 264 361 265
366 264 367 265
371 264 372 265
377 264 377 265
382 264 382 264
387 264 387 264
398 264 397 264
403 264 403 263
409 264 408 263
291 269 291 269
296 269 296 269
302 269 301 269
307 269 307 269
312 269 313 269
318 269 319 270
323 269 323 270
328 269 328 269
334 269 333 270
339 269 339 270
344 269 345 270
350 269 350 271
355 269 356 271
361 269 361 270
366 269 367 270
371 269 373 269
377 269 378 269
382 269 384 269
387 269 389 269
393 269 394 269
398 269 398 269
403 269 404 269
409 269 409 269
414 269 414 269
425 269 425 269
296 275 296 275
302 275 301 275
307 275 307 275
312 275 313 275
318 275 319 275
323 275 324 275
328 275 328 275
334 275 333 275
339 275 339 275
344 275 344 276
350 275 350 276
355 275 356 276
366 275 366 275
371 275 371 274
393 275 393 275
398 275 397 275
403 275 403 275
409 275 409 274
420 275 420 274
436 275 436 275
296 280 296 280
302 280 302 280
307 280 307 280
312 280 313 281
318 280 319 280
323 280 323 280
328 280 328 280
334 280 333 280
339 280 339 280
344 280 345 280
350 280 351 281
355 280 356 280
366 280 365 279
371 280 371 279
377 280 378 280
382 280 383 280
393 280 392 281
403 280 403 281
430 280 431 280
436 280 436 280
302 285 302 286
307 285 308 286
312 285 313 286
318 285 319 286
323 285 323 286
328 285 328 286
334 285 333 285
339 285 339 285
344 285 345 286
350 285 351 286
355 285 356 286
366 285 365 285
371 285 371 285
377 285 377 285
382 285 383 285
403 285 403 286
409 285 409 285
414 285 414 285
420 285 420 285
425 285 425 285
307 291 307 291
312 291 313 291
318 291 318 291
323 291 324 290
328 291 328 290
334 291 334 290
339 291 339 291
344 291 345 290
350 291 351 292
355 291 356 291
371 291 371 291
377 291 376 291
382 291 382 291
393 291 393 291
398 291 398 291
403 291 403 291
409 291 409 291
318 296 319 296
323 296 324 296
328 296 329 296
334 296 334 296
339 296 339 296
344 296 345 296
350 296 350 296
355 296 356 296
361 296 361 296
366 296 366 296
382 296 382 296
393 296 393 296
398 296 398 296
334 301 334 301
339 301 339 301
344 301 345 301
350 301 350 302
355 301 356 301
361 301 360 301
366 301 366 301
377 301 377 301
382 301 382 301
339 307 339 307
275 355 275 355
275 360 275 360
334 366 334 366
382 366 382 366
334 371 334 371
323 398 323 397
409 398 409 398
318 409 318 409
