1 0 0 0.5504279732704163 
0 1 0 -0.2757447361946106 
0 0 1 -1.497338533401489 
0 0 0 1 

0.914039671421051 0.1128732264041901 -0.3896034955978394 0.5412105917930603 
-0.08361633121967316 0.9923054575920105 0.09131345897912979 -0.3534819185733795 
0.3969125151634216 -0.0508868619799614 0.9164446592330933 -1.523238062858582 
0 0 0 1 

0.9136022329330444 0.1158689558506012 -0.389750212430954 0.5416492819786072 
-0.08604341000318527 0.9919230937957764 0.09319660067558289 -0.3556670248508453 
0.397400975227356 -0.05160902813076973 0.9161929488182068 -1.522513866424561 
0 0 0 1 

