1 0 0 0.5504279732704163 
0 1 0 -0.2757447361946106 
0 0 1 -1.497338533401489 
0 0 0 1 

0.9148939251899719 0.113081619143486 -0.3875325620174408 0.5375186204910278 
-0.08388344943523407 0.992264986038208 0.09150830656290054 -0.3536432385444641 
0.3948829174041748 -0.05121279507875443 0.9173029065132141 -1.524411916732788 
0 0 0 1 

0.9141362309455872 0.1144241392612457 -0.3889240026473999 0.5393748879432678 
-0.08495974540710449 0.9921098947525024 0.09219412505626678 -0.3547784686088562 
0.3964045941829681 -0.05123506858944893 0.9166451096534729 -1.523283362388611 
0 0 0 1 

