1 0 0 0.5504279732704163 
0 1 0 -0.2757447361946106 
0 0 1 -1.497338533401489 
0 0 0 1 

0.9158576130867004 0.1134666278958321 -0.3851363658905029 0.5332350134849548 
-0.08383231610059738 0.9921359419822693 0.09294324368238449 -0.3558000028133392 
0.3926535844802856 -0.0528358593583107 0.9181674122810364 -1.525652289390564 
0 0 0 1 

0.9140267372131348 0.1155204772949219 -0.3888570368289948 0.5386211276054382 
-0.08665440231561661 0.9920702576637268 0.09103643894195557 -0.3524876534938812 
0.3962902128696442 -0.04951345175504684 0.9167890548706055 -1.523102045059204 
0 0 0 1 

