235 175 14 223
235 181 13 228
235 187 12 235
246 187 31 231
235 193 13 243
240 193 18 242
235 198 15 252
240 198 20 247
246 198 26 246
240 204 19 252
240 210 20 260
329 210 114 266
346 210 150 270
352 210 155 271
358 210 161 271
340 216 144 275
346 216 148 277
352 216 155 277
358 216 160 277
305 222 138 276
293 228 109 277
258 240 74 313
293 257 73 305
323 257 142 300
317 263 137 307
323 263 143 307
393 269 214 290
393 281 214 296
399 281 219 294
311 287 97 335
246 345 56 406
252 345 61 407
252 351 56 416
246 363 44 431
