259 173 259 173
259 178 259 178
264 178 264 178
264 183 264 184
264 189 264 189
269 189 270 189
264 194 264 194
269 194 269 194
275 194 275 194
269 200 269 200
275 200 275 199
280 200 280 200
269 205 269 205
275 205 275 205
280 205 280 205
286 205 286 205
291 205 291 205
296 205 296 205
269 210 269 211
275 210 275 211
280 210 280 210
286 210 286 210
291 210 291 210
296 210 296 210
302 210 302 210
307 210 307 210
312 210 313 210
318 210 318 210
323 210 323 210
280 216 280 215
286 216 286 215
291 216 291 215
296 216 296 215
302 216 301 215
307 216 307 216
312 216 313 216
318 216 318 216
323 216 323 216
328 216 329 216
275 221 274 221
280 221 280 220
286 221 285 220
291 221 291 220
296 221 297 220
302 221 302 221
307 221 307 221
312 221 313 222
318 221 318 222
323 221 322 221
328 221 329 221
334 221 334 220
275 226 274 226
280 226 279 226
286 226 285 226
291 226 291 226
296 226 297 225
302 226 302 226
307 226 307 226
312 226 312 227
318 226 318 226
323 226 323 226
328 226 329 227
334 226 334 226
339 226 339 226
275 232 275 231
280 232 279 232
286 232 285 231
291 232 291 231
296 232 296 231
302 232 302 232
307 232 306 231
312 232 312 232
318 232 318 232
323 232 323 232
328 232 329 232
334 232 334 232
339 232 339 232
344 232 344 232
350 232 350 231
355 232 355 232
361 232 361 232
366 232 367 232
275 237 275 237
280 237 279 237
286 237 285 236
291 237 291 236
296 237 297 238
302 237 302 238
307 237 307 237
312 237 311 237
318 237 318 237
323 237 324 237
328 237 329 237
334 237 334 237
339 237 339 238
344 237 344 238
350 237 350 237
355 237 355 237
361 237 361 238
366 237 366 238
371 237 372 237
280 242 280 242
286 242 286 243
291 242 292 243
296 242 297 243
302 242 302 243
307 242 307 243
312 242 311 242
318 242 317 243
323 242 324 243
328 242 329 243
334 242 334 242
339 242 339 242
344 242 344 242
350 242 350 242
355 242 355 242
361 242 361 243
366 242 365 243
371 242 371 243
377 242 376 242
382 242 382 242
280 248 280 248
286 248 286 248
291 248 292 249
296 248 297 249
302 248 302 248
307 248 307 248
312 248 312 248
318 248 317 248
323 248 323 248
328 248 328 248
334 248 334 247
339 248 339 247
344 248 344 247
355 248 355 247
361 248 361 248
366 248 365 248
371 248 370 248
377 248 377 247
382 248 382 248
387 248 387 248
280 253 280 254
286 253 286 254
291 253 291 254
296 253 296 254
302 253 302 254
307 253 307 254
312 253 312 254
318 253 318 253
323 253 322 253
328 253 328 253
334 253 334 252
339 253 339 252
344 253 344 252
350 253 350 252
355 253 356 252
361 253 360 253
366 253 365 254
371 253 371 253
377 253 376 253
382 253 382 253
387 253 387 253
393 253 393 253
398 253 397 253
286 258 286 260
291 258 291 259
296 258 296 259
302 258 301 259
307 258 308 260
312 258 313 259
318 258 317 259
323 258 323 259
328 258 328 258
334 258 334 257
339 258 339 257
344 258 344 258
350 258 350 258
355 258 355 258
361 258 361 258
366 258 365 258
371 258 370 259
377 258 376 260
382 258 381 259
387 258 387 259
393 258 393 259
398 258 398 259
403 258 403 258
286 264 286 265
291 264 291 264
296 264 296 264
302 264 302 265
307 264 308 265
312 264 313 265
318 264 317 264
323 264 323 265
328 264 328 264
334 264 334 263
339 264 339 263
344 264 345 264
350 264 349 263
355 264 356 263
361 264 360 263
366 264 365 263
371 264 370 263
377 264 375 265
382 264 381 265
387 264 387 264
393 264 393 263
398 264 398 263
403 264 403 263
409 264 409 264
414 264 415 264
420 264 419 264
291 269 291 269
296 269 296 270
302 269 302 270
307 269 308 270
312 269 313 269
318 269 317 270
323 269 322 269
328 269 328 269
334 269 334 269
339 269 339 269
344 269 345 269
350 269 350 269
361 269 360 269
366 269 366 268
371 269 371 269
377 269 376 270
382 269 381 270
387 269 387 269
393 269 393 269
398 269 399 268
403 269 403 268
409 269 409 269
414 269 414 270
420 269 420 269
425 269 425 269
296 275 296 275
302 275 302 275
307 275 308 275
312 275 313 275
318 275 317 274
323 275 323 274
328 275 328 274
334 275 334 274
339 275 339 274
344 275 344 275
350 275 350 276
355 275 356 275
366 275 367 275
371 275 372 274
377 275 376 275
387 275 387 275
393 275 393 274
398 275 398 274
403 275 404 274
409 275 409 274
414 275 414 275
420 275 419 275
425 275 424 275
430 275 430 275
436 275 436 275
296 280 296 280
302 280 302 280
307 280 307 280
312 280 312 280
318 280 318 280
323 280 323 280
328 280 328 280
334 280 334 279
339 280 339 280
344 280 344 281
350 280 350 281
355 280 355 281
366 280 367 280
371 280 372 279
377 280 376 280
382 280 382 281
387 280 387 281
393 280 393 280
398 280 398 280
403 280 404 279
409 280 409 280
414 280 414 280
420 280 419 280
425 280 425 280
430 280 431 280
436 280 436 280
302 285 302 286
307 285 308 286
312 285 313 286
318 285 319 285
323 285 324 285
328 285 328 286
334 285 334 285
339 285 340 285
344 285 344 286
350 285 350 286
355 285 356 285
361 285 361 285
366 285 366 286
371 285 372 286
377 285 377 285
382 285 383 285
387 285 387 285
393 285 393 285
398 285 399 285
403 285 404 285
409 285 409 285
414 285 414 285
420 285 420 285
425 285 425 285
307 291 308 291
312 291 313 291
318 291 318 291
323 291 324 291
328 291 328 291
334 291 334 291
339 291 339 291
344 291 345 291
350 291 351 291
355 291 356 290
361 291 361 291
371 291 372 291
377 291 377 291
382 291 382 291
387 291 387 291
393 291 392 291
398 291 398 291
403 291 403 291
409 291 409 291
318 296 318 296
323 296 324 296
328 296 329 296
334 296 335 297
339 296 340 296
344 296 345 296
350 296 350 296
355 296 356 296
361 296 361 296
366 296 366 296
382 296 382 296
387 296 388 296
393 296 393 296
398 296 398 296
328 301 328 301
334 301 334 302
339 301 340 302
344 301 345 301
350 301 351 302
355 301 356 302
361 301 361 301
366 301 366 301
371 301 372 301
377 301 377 301
382 301 382 301
334 307 334 307
339 307 339 307
344 307 345 307
350 307 350 307
275 350 275 350
280 350 280 350
275 355 275 355
275 360 275 360
334 366 334 366
382 366 382 366
334 371 334 371
387 371 387 371
393 371 393 371
328 376 328 376
334 376 334 376
398 376 398 376
328 382 329 381
403 382 403 382
328 387 329 387
403 387 403 387
409 387 409 387
323 392 323 392
398 392 398 392
403 392 404 393
409 392 409 393
323 398 323 398
398 398 398 398
403 398 404 398
409 398 409 398
318 403 318 403
398 403 398 403
403 403 404 403
312 409 312 409
318 409 318 409
312 414 313 414
318 414 318 414
