1 0 0 0.5504279732704163 
0 1 0 -0.2757447361946106 
0 0 1 -1.497338533401489 
0 0 0 1 

0.9150044322013855 0.1142932251095772 -0.3869157135486603 0.5362544059753418 
-0.08415056020021439 0.9920065999031067 0.09402942657470703 -0.3574610948562622 
0.3945698738098145 -0.05347812175750732 0.9173082709312439 -1.524619579315186 
0 0 0 1 

0.9133133888244629 0.1169353947043419 -0.39010950922966 0.5413303375244141 
-0.08649264276027679 0.9917343854904175 0.09477727115154266 -0.3581720590591431 
0.3979675769805908 -0.05281969159841537 0.9158779382705688 -1.522297620773315 
0 0 0 1 

