228 140 227 140
234 140 234 140
239 140 240 140
228 146 228 145
222 151 222 152
228 151 228 151
234 151 234 152
239 151 240 151
222 157 222 157
234 157 233 158
239 157 240 158
245 157 246 157
222 163 222 163
228 163 227 163
239 163 239 163
245 163 245 163
228 169 227 169
239 169 239 169
245 169 246 169
251 169 251 169
228 175 227 175
234 175 233 175
239 175 239 175
251 175 251 175
234 181 233 181
239 181 239 181
245 181 245 181
239 187 239 186
245 187 245 187
251 187 251 187
239 193 239 193
245 193 245 192
251 193 251 192
239 198 240 199
245 198 246 200
251 198 251 198
239 204 240 206
245 204 246 206
251 204 252 204
257 204 257 204
275 204 275 204
245 210 246 211
251 210 251 210
257 210 257 210
263 210 263 211
275 210 274 210
292 210 293 210
298 210 298 210
304 210 304 209
316 210 317 210
333 210 335 210
345 210 348 210
351 210 352 210
357 210 357 210
251 216 251 215
257 216 257 216
263 216 263 217
275 216 274 216
292 216 293 216
298 216 299 216
310 216 310 216
316 216 316 216
322 216 323 216
339 216 340 217
345 216 347 216
363 216 363 216
251 222 251 222
257 222 257 221
263 222 263 221
269 222 269 222
275 222 274 222
281 222 280 222
286 222 287 222
292 222 293 222
298 222 299 222
304 222 304 222
310 222 309 222
316 222 315 222
322 222 322 222
333 222 334 222
339 222 339 223
345 222 345 223
351 222 352 223
357 222 358 222
363 222 363 221
257 228 257 227
263 228 263 228
269 228 269 227
286 228 287 228
292 228 293 227
298 228 298 228
304 228 304 228
310 228 310 228
316 228 315 228
322 228 322 227
328 228 329 229
333 228 334 228
345 228 345 228
351 228 352 228
357 228 358 227
363 228 364 228
369 228 369 228
257 234 258 234
263 234 263 233
269 234 269 233
275 234 274 233
281 234 280 234
286 234 287 234
292 234 293 234
298 234 298 235
304 234 304 234
310 234 310 234
316 234 316 234
322 234 322 233
328 234 328 233
333 234 334 234
339 234 341 233
345 234 345 233
363 234 364 233
257 240 258 241
263 240 263 240
269 240 269 240
275 240 275 240
281 240 281 240
286 240 287 240
292 240 293 240
298 240 299 240
304 240 305 239
310 240 310 240
316 240 316 239
333 240 334 239
339 240 340 239
345 240 347 239
251 245 252 247
257 245 257 247
263 245 263 246
269 245 269 246
275 245 275 247
281 245 280 246
286 245 286 246
292 245 292 246
298 245 299 246
304 245 304 246
310 245 310 246
316 245 315 246
322 245 322 245
328 245 329 245
369 245 369 246
375 245 375 246
251 251 251 251
257 251 257 252
263 251 263 251
269 251 269 251
275 251 275 252
286 251 286 252
292 251 292 252
298 251 299 251
304 251 304 252
310 251 309 252
316 251 316 252
322 251 322 252
328 251 329 252
333 251 334 252
339 251 340 252
345 251 346 252
363 251 362 252
369 251 369 252
375 251 375 252
381 251 381 252
257 257 257 257
269 257 269 256
275 257 275 257
281 257 280 257
286 257 287 258
292 257 293 258
298 257 300 258
304 257 305 258
310 257 310 258
328 257 328 258
333 257 334 258
339 257 340 258
357 257 357 256
363 257 362 257
369 257 369 258
375 257 375 257
381 257 381 257
386 257 387 258
263 263 262 263
269 263 268 262
275 263 275 263
281 263 281 263
292 263 293 264
298 263 299 264
304 263 306 264
310 263 311 264
316 263 316 264
322 263 322 264
333 263 334 263
339 263 340 263
345 263 346 264
357 263 357 262
363 263 362 263
369 263 369 264
386 263 387 263
269 269 268 268
275 269 274 268
281 269 280 269
286 269 286 269
298 269 299 269
304 269 304 269
310 269 309 270
316 269 315 270
322 269 321 269
328 269 329 269
333 269 335 269
339 269 339 269
345 269 346 269
351 269 351 270
363 269 362 269
369 269 369 269
375 269 375 270
381 269 381 270
386 269 387 269
392 269 393 269
281 275 280 275
286 275 286 274
310 275 310 275
316 275 315 275
322 275 321 275
328 275 329 275
333 275 336 275
339 275 340 275
345 275 345 275
351 275 351 275
357 275 357 275
363 275 363 275
369 275 369 275
375 275 376 275
381 275 382 275
392 275 393 275
398 275 398 275
281 281 281 281
286 281 287 281
298 281 298 281
322 281 322 281
328 281 329 281
333 281 335 281
339 281 340 281
345 281 346 281
357 281 357 281
363 281 362 281
369 281 368 281
375 281 374 281
381 281 381 281
386 281 386 281
398 281 398 281
304 287 304 287
316 287 316 287
322 287 322 286
328 287 328 287
333 287 333 287
339 287 340 287
345 287 345 287
351 287 351 287
357 287 357 287
322 293 322 293
351 293 352 292
322 298 322 298
386 351 386 351
316 381 316 381
322 398 321 398
