234 140 233 140
239 140 239 140
228 146 228 145
234 146 234 145
239 146 239 145
234 151 233 152
239 151 240 151
245 151 245 150
222 157 222 157
228 157 227 157
239 157 239 157
245 157 245 156
222 163 222 163
228 163 227 163
245 163 245 163
245 169 245 168
251 169 251 169
228 175 228 175
234 175 233 175
239 175 239 175
234 181 234 181
239 181 239 181
245 181 245 181
239 187 239 187
245 187 245 186
239 193 239 193
245 193 245 192
251 193 251 192
257 193 257 192
245 198 245 197
251 198 252 198
257 198 257 199
245 204 245 204
251 204 251 204
257 204 257 204
263 204 263 203
239 210 239 209
245 210 245 210
251 210 251 209
257 210 257 211
263 210 263 210
269 210 269 211
286 210 285 210
292 210 292 210
298 210 298 210
304 210 305 210
310 210 311 210
316 210 315 211
322 210 322 211
328 210 328 210
333 210 334 210
339 210 340 210
345 210 346 210
351 210 351 210
357 210 357 210
251 216 251 216
257 216 258 217
263 216 263 216
269 216 269 216
286 216 287 217
292 216 293 216
298 216 299 216
304 216 304 215
310 216 309 216
316 216 315 217
322 216 321 217
328 216 328 216
333 216 335 216
339 216 340 217
351 216 351 216
357 216 356 216
363 216 363 216
251 222 251 223
257 222 258 223
263 222 263 223
269 222 269 223
281 222 281 223
298 222 299 222
304 222 304 222
310 222 309 222
316 222 315 221
322 222 322 221
328 222 327 222
333 222 332 222
339 222 339 222
345 222 344 222
351 222 350 222
357 222 356 223
363 222 363 223
245 228 245 228
251 228 251 229
263 228 263 229
269 228 269 228
281 228 281 228
286 228 287 228
292 228 293 227
298 228 298 228
304 228 304 227
310 228 309 228
316 228 316 228
322 228 322 228
333 228 333 228
345 228 343 227
363 228 363 229
369 228 369 228
257 234 257 235
263 234 263 235
269 234 269 234
275 234 274 233
281 234 281 233
286 234 287 234
292 234 293 234
298 234 299 234
304 234 304 235
310 234 310 235
316 234 316 234
322 234 321 234
328 234 327 234
333 234 333 234
339 234 338 234
345 234 343 233
357 234 357 233
363 234 364 234
369 234 369 234
251 240 251 240
257 240 258 241
263 240 263 240
269 240 269 239
275 240 275 239
281 240 281 239
286 240 287 239
292 240 294 240
298 240 299 239
304 240 304 240
310 240 309 240
316 240 314 240
369 240 369 240
375 240 375 240
251 245 251 246
269 245 269 245
275 245 275 245
281 245 280 245
286 245 287 246
292 245 294 246
304 245 304 246
310 245 309 246
316 245 314 246
322 245 320 245
328 245 327 244
375 245 374 246
263 251 263 252
269 251 268 251
275 251 275 252
286 251 286 252
292 251 293 252
304 251 304 251
310 251 309 252
316 251 314 251
328 251 326 250
351 251 351 252
357 251 357 251
375 251 373 251
381 251 381 252
257 257 257 257
263 257 263 257
269 257 269 257
275 257 276 258
286 257 286 258
292 257 293 258
298 257 298 258
310 257 310 257
316 257 315 256
322 257 320 256
328 257 327 256
333 257 333 256
339 257 338 258
345 257 345 258
351 257 351 257
357 257 356 257
375 257 374 257
381 257 381 257
386 257 387 257
263 263 262 262
269 263 268 262
275 263 275 263
281 263 281 264
292 263 291 263
298 263 297 263
304 263 305 262
310 263 311 262
316 263 317 263
322 263 322 263
328 263 327 263
333 263 332 263
339 263 338 263
345 263 345 263
351 263 350 263
363 263 362 263
369 263 368 264
386 263 387 263
269 269 267 268
275 269 273 269
281 269 280 270
286 269 286 269
292 269 291 269
298 269 297 269
304 269 304 269
310 269 311 269
316 269 317 269
322 269 323 269
328 269 328 269
333 269 333 269
339 269 339 269
345 269 345 269
351 269 350 269
357 269 356 269
363 269 363 269
369 269 369 270
375 269 375 270
381 269 380 270
386 269 387 269
392 269 392 269
275 275 274 275
281 275 280 275
286 275 286 274
292 275 292 275
310 275 311 275
316 275 317 275
322 275 322 276
328 275 327 276
333 275 333 275
339 275 339 275
345 275 345 275
351 275 351 275
357 275 357 275
363 275 363 275
369 275 369 275
375 275 374 275
381 275 381 275
386 275 387 275
392 275 392 275
398 275 398 275
281 281 281 281
286 281 286 281
292 281 292 281
298 281 298 281
304 281 305 281
310 281 311 281
328 281 328 281
333 281 333 281
345 281 345 281
351 281 351 280
357 281 357 281
363 281 362 281
369 281 368 281
375 281 374 281
381 281 380 281
386 281 386 281
392 281 392 281
398 281 398 281
304 287 304 287
316 287 316 287
322 287 322 286
328 287 327 287
333 287 333 287
339 287 340 287
345 287 346 287
351 287 351 287
357 287 357 287
363 287 362 287
351 293 351 292
386 351 386 351
392 351 392 351
251 357 251 357
392 357 392 357
251 363 252 363
316 369 316 371
316 375 316 376
316 381 316 381
