1 0 0 0.5504279732704163 
0 1 0 -0.2757447361946106 
0 0 1 -1.497338533401489 
0 0 0 1 

0.9395143389701843 0.1521350741386414 -0.3068672120571136 0.5023340582847595 
-0.1139225661754608 0.9837300181388855 0.1389131397008896 -0.3727644383907318 
0.3230080902576447 -0.09555172920227051 0.9415601491928101 -1.45890200138092 
0 0 0 1 

0.9399191737174988 0.1517482995986938 -0.3058174550533295 0.5004468560218811 
-0.113401897251606 0.9836959838867188 0.1395784765481949 -0.3736478686332703 
0.3220122158527374 -0.09651216119527817 0.9418032765388489 -1.459555149078369 
0 0 0 1 

