1 0 0 0.5504279732704163 
0 1 0 -0.2757447361946106 
0 0 1 -1.497338533401489 
0 0 0 1 

0.9389302134513855 0.1528143733739853 -0.3083142638206482 0.5046355128288269 
-0.1144426912069321 0.9836541414260864 0.1390229463577271 -0.3729555308818817 
0.3245193362236023 -0.09524849057197571 0.941071093082428 -1.457964539527893 
0 0 0 1 

0.9405062198638916 0.1511827409267426 -0.3042892813682556 0.4979622066020966 
-0.1130534633994102 0.9837692975997925 0.1393456757068634 -0.3732441365718842 
0.3204170167446136 -0.09665456414222717 0.9423328042030334 -1.460588693618774 
0 0 0 1 

