234 134 233 134
228 140 228 140
234 140 233 140
239 140 239 140
228 146 228 145
234 146 234 145
239 146 240 146
222 151 222 150
228 151 228 150
234 151 234 152
239 151 240 152
245 151 245 152
222 157 222 157
228 157 228 156
239 157 239 158
245 157 245 157
222 163 222 163
228 163 228 163
239 163 239 163
245 163 245 163
228 169 228 169
234 169 233 169
245 169 245 169
251 169 251 169
228 175 228 175
234 175 233 175
239 175 239 175
234 181 234 181
239 181 239 181
245 181 245 181
251 181 251 181
234 187 234 187
239 187 239 187
245 187 245 187
251 187 251 187
257 187 257 187
234 193 234 193
239 193 240 193
245 193 245 193
251 193 251 193
257 193 257 193
239 198 240 199
245 198 246 199
251 198 252 199
257 198 257 199
239 204 240 205
245 204 246 205
251 204 251 205
257 204 257 204
263 204 263 204
269 204 269 204
275 204 274 204
239 210 239 210
245 210 245 210
251 210 251 210
257 210 256 211
263 210 263 210
269 210 269 210
275 210 274 210
281 210 280 210
286 210 287 210
292 210 292 210
298 210 297 210
304 210 304 210
310 210 309 210
316 210 316 210
322 210 322 210
328 210 327 210
333 210 334 210
345 210 345 210
351 210 352 210
357 210 357 210
245 216 245 216
251 216 251 216
257 216 257 217
263 216 263 217
269 216 269 216
275 216 275 216
281 216 280 216
286 216 286 216
292 216 292 216
298 216 297 216
304 216 303 216
310 216 309 216
316 216 316 216
322 216 322 215
328 216 328 216
333 216 334 216
345 216 346 215
351 216 351 216
357 216 357 216
363 216 363 216
245 222 246 223
251 222 252 223
257 222 258 224
263 222 263 223
269 222 269 223
275 222 275 223
281 222 280 222
286 222 286 222
292 222 292 222
298 222 299 222
304 222 305 221
310 222 310 222
316 222 316 222
322 222 323 222
328 222 329 222
339 222 340 222
345 222 346 221
351 222 351 221
357 222 357 222
363 222 363 222
245 228 246 229
251 228 251 229
257 228 257 229
263 228 263 230
269 228 269 229
275 228 275 229
281 228 281 228
286 228 287 228
292 228 292 228
298 228 299 228
304 228 305 227
310 228 310 227
316 228 317 228
322 228 323 228
328 228 329 227
333 228 334 228
345 228 345 228
351 228 351 228
357 228 357 228
363 228 363 228
369 228 369 228
257 234 257 234
263 234 263 235
269 234 269 234
275 234 275 234
281 234 281 234
286 234 286 234
292 234 293 234
298 234 298 234
304 234 304 234
310 234 310 235
316 234 316 234
322 234 322 234
328 234 328 234
333 234 333 234
339 234 338 234
345 234 345 234
351 234 350 233
357 234 357 234
363 234 363 234
369 234 369 234
251 240 251 240
257 240 257 240
263 240 263 240
269 240 269 240
275 240 275 240
281 240 281 240
286 240 287 239
292 240 292 240
298 240 298 240
304 240 303 240
310 240 309 240
316 240 315 240
322 240 321 240
333 240 328 240
339 240 335 239
345 240 345 240
357 240 358 240
363 240 363 240
369 240 369 240
375 240 375 240
251 245 251 246
257 245 257 245
263 245 263 246
269 245 269 246
275 245 275 246
281 245 280 245
286 245 287 244
292 245 293 246
298 245 298 245
304 245 303 245
310 245 310 245
316 245 316 245
322 245 321 246
328 245 327 247
339 245 334 245
345 245 345 245
351 245 351 245
357 245 358 245
363 245 363 245
369 245 368 245
375 245 375 245
257 251 257 251
263 251 263 251
269 251 269 251
275 251 275 251
286 251 287 251
292 251 293 252
298 251 298 252
304 251 304 251
310 251 310 250
316 251 316 250
322 251 321 251
333 251 328 252
339 251 340 251
345 251 345 252
351 251 351 252
357 251 357 251
363 251 362 250
369 251 369 250
375 251 375 250
381 251 381 251
257 257 257 257
263 257 264 258
269 257 270 257
275 257 275 256
281 257 280 257
286 257 287 257
292 257 292 257
298 257 297 258
304 257 303 257
316 257 316 256
322 257 321 256
328 257 327 257
339 257 340 258
345 257 346 258
351 257 351 257
357 257 356 257
363 257 363 257
369 257 369 257
375 257 376 257
381 257 381 257
386 257 387 258
263 263 263 263
269 263 269 264
275 263 275 262
281 263 280 263
292 263 292 263
298 263 297 263
310 263 304 264
322 263 321 263
328 263 326 263
333 263 334 263
339 263 340 263
345 263 346 262
351 263 351 263
357 263 357 263
363 263 363 263
369 263 370 264
375 263 376 263
381 263 381 264
386 263 387 263
269 269 268 269
275 269 273 268
281 269 280 268
286 269 286 269
292 269 292 269
298 269 297 269
304 269 302 269
316 269 309 269
322 269 323 268
328 269 328 268
333 269 334 269
339 269 340 269
345 269 346 269
351 269 351 269
357 269 357 269
363 269 363 269
369 269 369 269
375 269 375 269
381 269 381 269
386 269 386 269
392 269 392 269
275 275 274 275
281 275 280 275
286 275 286 275
292 275 292 275
298 275 298 274
304 275 303 275
310 275 309 276
316 275 315 276
322 275 322 275
328 275 328 275
333 275 334 275
339 275 340 275
345 275 346 275
351 275 351 274
357 275 356 275
363 275 363 275
369 275 370 275
375 275 375 275
381 275 381 275
386 275 387 275
392 275 392 275
398 275 398 275
281 281 281 281
286 281 286 281
292 281 292 281
298 281 298 280
304 281 303 281
328 281 329 281
333 281 335 281
339 281 341 281
345 281 346 281
351 281 351 281
357 281 357 281
363 281 364 280
369 281 369 281
375 281 375 281
381 281 381 281
386 281 386 281
392 281 392 281
398 281 398 281
304 287 304 287
310 287 310 287
316 287 316 287
322 287 322 287
328 287 328 287
333 287 334 287
339 287 339 287
345 287 345 287
351 287 351 287
357 287 357 287
363 287 362 287
310 293 310 293
316 293 316 292
322 293 322 293
351 293 350 293
322 298 322 298
245 351 245 351
251 351 251 351
386 351 386 352
392 351 392 351
245 357 245 357
251 357 251 357
386 357 386 357
392 357 392 357
245 363 245 363
251 363 251 363
316 363 316 363
316 369 316 368
316 375 316 374
316 381 316 380
316 387 316 387
316 392 316 393
322 392 321 393
316 398 316 398
322 398 321 398
