234 134 233 134
228 140 227 140
234 140 233 140
239 140 240 140
228 146 228 146
234 146 233 146
239 146 240 146
222 151 222 151
228 151 228 152
234 151 233 152
239 151 239 151
245 151 245 151
222 157 222 157
228 157 228 157
239 157 239 158
245 157 245 158
222 163 222 163
228 163 228 163
239 163 240 165
245 163 245 164
228 169 228 169
234 169 234 169
239 169 240 170
245 169 245 170
251 169 251 169
228 175 228 175
234 175 233 175
239 175 239 175
251 175 251 175
228 181 227 180
234 181 233 181
239 181 239 181
245 181 245 181
251 181 251 181
234 187 234 187
239 187 239 187
245 187 245 187
251 187 251 187
257 187 257 187
234 193 234 193
239 193 239 193
245 193 245 193
251 193 251 193
257 193 257 193
239 198 239 199
245 198 245 199
251 198 251 199
257 198 257 199
239 204 240 205
245 204 245 204
251 204 250 204
257 204 257 205
263 204 263 204
269 204 269 204
275 204 274 204
239 210 239 210
245 210 245 209
251 210 250 210
257 210 257 210
263 210 263 210
269 210 268 210
275 210 275 210
281 210 279 210
286 210 285 210
292 210 291 210
298 210 297 210
310 210 309 210
316 210 316 210
322 210 322 210
328 210 328 210
333 210 334 210
339 210 339 210
345 210 345 210
351 210 351 210
357 210 356 210
245 216 245 215
251 216 251 216
257 216 257 216
263 216 263 216
269 216 269 216
275 216 274 216
281 216 281 216
286 216 285 215
292 216 292 216
298 216 299 216
304 216 303 217
310 216 309 217
316 216 315 216
322 216 321 216
328 216 328 216
333 216 334 216
339 216 340 217
345 216 344 217
351 216 351 216
357 216 358 216
363 216 363 216
245 222 245 221
251 222 251 221
257 222 257 222
263 222 263 222
269 222 269 221
275 222 275 221
281 222 280 221
286 222 285 221
292 222 293 222
298 222 299 222
304 222 303 222
310 222 308 223
322 222 317 222
328 222 327 221
339 222 341 222
345 222 346 222
351 222 351 222
357 222 358 222
363 222 363 222
245 228 245 228
251 228 251 226
257 228 258 228
263 228 263 228
269 228 268 228
275 228 275 228
281 228 281 228
286 228 286 228
292 228 292 229
298 228 298 228
304 228 303 228
310 228 309 228
322 228 317 228
328 228 327 227
333 228 333 227
339 228 345 227
351 228 352 227
357 228 358 227
363 228 364 227
369 228 368 227
257 234 258 233
263 234 263 233
269 234 268 233
275 234 274 234
281 234 281 234
286 234 287 235
292 234 293 235
298 234 298 235
304 234 303 234
310 234 309 234
322 234 317 235
328 234 328 233
333 234 333 233
345 234 346 233
351 234 352 233
357 234 358 233
363 234 364 233
369 234 369 233
251 240 251 239
257 240 257 239
263 240 262 238
269 240 269 239
275 240 274 240
281 240 280 240
286 240 287 240
292 240 293 241
298 240 298 241
304 240 303 240
310 240 308 240
345 240 345 239
351 240 352 239
357 240 357 239
369 240 369 239
375 240 375 240
251 245 251 245
257 245 257 245
263 245 262 244
269 245 268 245
275 245 275 245
281 245 280 246
286 245 286 245
292 245 293 245
298 245 298 246
304 245 304 246
310 245 310 246
316 245 316 246
345 245 345 245
351 245 351 245
363 245 357 246
369 245 368 246
375 245 375 245
257 251 257 251
263 251 262 250
269 251 268 251
275 251 275 251
286 251 286 252
292 251 292 252
298 251 299 252
322 251 322 253
345 251 345 252
363 251 358 251
369 251 368 251
375 251 375 251
381 251 381 252
257 257 257 258
263 257 263 257
275 257 275 258
281 257 281 258
286 257 286 257
292 257 293 257
298 257 299 257
304 257 304 258
322 257 322 258
328 257 328 257
339 257 341 257
345 257 346 257
351 257 351 257
363 257 358 257
369 257 365 256
375 257 374 258
381 257 381 258
386 257 387 258
263 263 263 264
269 263 268 263
275 263 274 263
281 263 281 263
292 263 293 263
298 263 300 263
304 263 305 264
310 263 311 264
316 263 316 264
322 263 322 263
328 263 328 262
333 263 335 263
339 263 340 263
345 263 346 263
351 263 351 263
363 263 358 262
369 263 363 263
375 263 373 262
381 263 380 263
386 263 386 263
269 269 268 267
275 269 274 267
281 269 281 269
286 269 287 269
292 269 293 269
298 269 298 269
304 269 305 270
310 269 311 270
316 269 316 270
322 269 322 269
328 269 328 269
339 269 340 268
345 269 345 269
351 269 351 269
357 269 358 268
363 269 363 269
369 269 368 269
375 269 374 270
381 269 380 269
386 269 386 269
392 269 392 269
275 275 274 275
281 275 281 275
286 275 287 275
292 275 292 275
298 275 298 275
304 275 304 275
310 275 309 275
316 275 316 276
322 275 322 276
333 275 326 276
339 275 340 275
345 275 344 275
351 275 350 275
357 275 356 275
363 275 364 275
369 275 369 275
375 275 375 275
381 275 382 275
386 275 387 275
392 275 392 275
398 275 398 275
281 281 281 281
286 281 286 281
292 281 292 281
298 281 298 281
304 281 304 281
322 281 323 281
328 281 328 281
333 281 334 281
339 281 339 281
345 281 346 281
351 281 351 281
357 281 357 281
363 281 363 281
369 281 369 280
375 281 375 281
381 281 381 281
386 281 387 281
392 281 392 281
398 281 398 281
298 287 298 287
304 287 304 287
310 287 310 287
316 287 316 287
322 287 322 287
328 287 329 287
333 287 334 287
339 287 339 287
345 287 346 287
351 287 351 287
357 287 357 287
363 287 363 287
310 293 310 293
316 293 316 293
322 293 322 293
351 293 350 293
322 298 322 298
245 351 245 351
251 351 251 351
386 351 386 352
392 351 392 352
245 357 245 357
251 357 252 357
386 357 386 357
392 357 392 358
245 363 245 363
251 363 252 363
316 363 316 365
316 369 316 370
316 375 316 375
316 381 316 381
316 387 316 387
316 392 316 392
322 392 322 392
316 398 316 398
322 398 322 398
