234 175 13 223
234 181 14 229
257 187 78 235
257 193 80 240
239 198 17 248
245 198 23 249
251 198 36 246
257 198 81 246
239 204 19 256
345 210 127 262
363 216 170 275
357 222 165 282
357 234 150 277
275 251 109 301
322 251 140 292
328 251 147 291
263 257 57 311
281 257 116 301
322 257 141 299
328 257 148 297
345 257 172 288
351 257 177 287
375 257 184 287
322 263 142 305
328 263 149 303
345 263 174 295
351 263 180 292
310 269 136 312
322 269 144 310
328 269 150 309
286 281 111 327
351 281 194 305
381 281 204 296
392 281 211 296
398 281 217 294
339 287 163 319
351 287 124 332
351 293 125 340
392 351 205 432
245 357 46 422
386 357 198 445
245 363 46 429
251 363 54 426
