1 0 0 0.5504279732704163 
0 1 0 -0.2757447361946106 
0 0 1 -1.497338533401489 
0 0 0 1 

0.9386923313140869 0.1525461077690125 -0.3091703355312347 0.5057564973831177 
-0.114003598690033 0.9836776256561279 0.1392172574996948 -0.3734984993934631 
0.3253610134124756 -0.09543559700250626 0.9407614469528198 -1.45698082447052 
0 0 0 1 

0.9394885301589966 0.1536480933427811 -0.3061919808387756 0.50103759765625 
-0.1155576929450035 0.9835308194160461 0.1389736533164978 -0.3733110427856445 
0.3225024342536926 -0.09518111497163773 0.9417712092399597 -1.458781957626343 
0 0 0 1 

