259 173 259 173
259 178 259 178
264 178 264 178
264 183 264 183
264 189 264 189
269 189 270 189
264 194 264 194
269 194 269 194
275 194 274 194
269 200 270 200
275 200 274 199
280 200 280 199
269 205 270 205
275 205 275 205
280 205 279 205
286 205 285 205
291 205 291 205
296 205 296 205
269 210 269 210
275 210 274 210
280 210 279 210
286 210 285 210
291 210 291 210
296 210 296 210
302 210 302 210
307 210 306 210
312 210 312 210
318 210 317 210
323 210 323 210
280 216 280 215
286 216 285 215
291 216 290 215
296 216 295 216
302 216 300 216
307 216 306 216
312 216 311 216
318 216 317 216
323 216 323 216
328 216 328 216
280 221 280 221
286 221 286 221
291 221 291 221
296 221 296 221
302 221 302 222
307 221 307 222
312 221 313 221
318 221 318 222
323 221 324 222
328 221 329 222
334 221 334 221
275 226 275 226
280 226 280 226
286 226 285 226
291 226 291 226
296 226 296 227
302 226 302 226
307 226 307 227
318 226 318 227
323 226 323 227
328 226 329 227
334 226 334 227
339 226 339 226
275 232 275 232
280 232 280 231
286 232 285 230
291 232 290 232
296 232 296 232
302 232 302 232
307 232 308 232
312 232 314 232
318 232 319 232
323 232 323 233
328 232 328 232
334 232 334 232
339 232 339 232
344 232 344 231
355 232 354 232
361 232 361 232
366 232 366 232
275 237 275 237
280 237 280 236
286 237 284 236
291 237 290 237
296 237 296 238
302 237 302 237
307 237 308 237
318 237 318 238
323 237 323 238
328 237 328 238
334 237 333 237
339 237 339 237
344 237 344 237
350 237 350 237
355 237 355 237
361 237 361 237
366 237 366 237
371 237 371 237
280 242 280 241
286 242 284 241
291 242 290 242
296 242 296 242
302 242 302 242
307 242 307 243
312 242 313 243
318 242 317 243
323 242 322 243
328 242 327 243
334 242 333 243
339 242 340 243
344 242 344 243
350 242 350 243
355 242 355 242
361 242 361 241
366 242 366 241
371 242 371 242
377 242 377 242
382 242 382 242
280 248 280 248
286 248 285 247
291 248 291 248
296 248 295 248
302 248 301 248
307 248 307 247
312 248 312 248
318 248 317 248
323 248 323 248
328 248 328 248
334 248 333 249
339 248 340 247
344 248 344 249
350 248 350 249
355 248 355 248
361 248 361 247
366 248 367 246
371 248 372 246
377 248 377 246
382 248 381 247
387 248 387 247
280 253 280 253
286 253 286 253
291 253 292 253
296 253 296 253
302 253 302 254
307 253 307 253
312 253 312 253
318 253 317 254
323 253 323 253
328 253 328 253
334 253 334 254
339 253 339 254
344 253 345 254
350 253 350 254
355 253 355 253
361 253 361 253
366 253 366 253
377 253 377 252
382 253 382 252
387 253 386 252
393 253 393 253
398 253 398 253
286 258 285 257
291 258 291 257
296 258 296 258
302 258 301 259
307 258 307 258
312 258 312 258
318 258 318 258
323 258 323 258
328 258 328 258
334 258 334 259
339 258 339 259
344 258 345 259
350 258 350 259
361 258 360 259
382 258 381 257
387 258 388 258
393 258 394 259
398 258 398 259
403 258 404 258
286 264 286 264
291 264 290 263
296 264 296 264
302 264 301 263
307 264 306 263
312 264 312 264
318 264 318 265
323 264 324 265
328 264 328 264
334 264 333 264
339 264 338 264
344 264 345 264
350 264 350 264
355 264 354 264
361 264 360 264
366 264 365 264
382 264 382 263
387 264 388 264
393 264 394 264
398 264 398 264
403 264 403 263
409 264 409 263
414 264 414 264
291 269 291 269
296 269 296 269
302 269 302 269
307 269 307 269
312 269 312 269
318 269 318 269
323 269 324 269
328 269 328 269
334 269 333 269
339 269 338 269
344 269 344 269
350 269 350 269
355 269 355 269
361 269 360 269
366 269 367 269
371 269 371 270
377 269 377 270
382 269 382 270
387 269 387 269
393 269 394 269
398 269 398 269
403 269 403 268
409 269 409 268
414 269 414 270
420 269 419 271
425 269 425 269
296 275 296 275
302 275 302 274
307 275 306 274
312 275 312 275
318 275 318 274
323 275 323 275
328 275 328 275
334 275 333 275
339 275 338 275
344 275 344 274
350 275 350 275
355 275 355 274
361 275 361 273
366 275 366 274
371 275 371 275
377 275 376 275
382 275 381 275
387 275 387 275
393 275 393 274
398 275 398 274
403 275 403 274
409 275 409 274
414 275 414 275
420 275 418 276
425 275 423 276
430 275 431 274
436 275 436 275
296 280 297 280
302 280 302 280
307 280 306 280
312 280 313 280
318 280 318 280
323 280 323 280
328 280 328 280
334 280 333 280
339 280 338 280
344 280 345 279
350 280 350 279
355 280 355 279
361 280 360 279
366 280 366 279
377 280 372 281
382 280 381 279
387 280 386 280
393 280 392 280
398 280 397 280
403 280 403 280
409 280 409 280
414 280 414 280
420 280 419 280
425 280 425 280
430 280 430 280
436 280 436 280
302 285 301 285
307 285 307 285
312 285 312 285
318 285 317 286
323 285 323 286
328 285 329 285
334 285 333 285
339 285 339 285
344 285 345 284
350 285 350 284
355 285 355 285
361 285 361 286
366 285 366 286
371 285 371 285
377 285 376 285
382 285 382 285
387 285 386 286
393 285 392 285
398 285 398 285
403 285 404 286
409 285 409 285
414 285 414 285
420 285 419 285
425 285 425 285
307 291 306 290
312 291 312 290
318 291 317 290
323 291 323 291
328 291 328 291
334 291 333 290
339 291 339 291
344 291 345 291
350 291 350 290
355 291 355 290
361 291 361 291
371 291 371 291
377 291 376 291
382 291 382 290
387 291 387 291
393 291 392 291
398 291 398 291
403 291 404 291
409 291 409 291
318 296 317 296
323 296 323 296
328 296 328 296
334 296 333 296
339 296 339 296
344 296 345 296
350 296 350 296
355 296 356 296
361 296 360 297
366 296 366 296
382 296 381 296
387 296 387 296
393 296 393 296
398 296 398 296
328 301 328 301
334 301 334 302
339 301 339 302
344 301 344 302
350 301 350 301
355 301 356 301
361 301 361 301
366 301 366 301
371 301 372 301
377 301 377 301
382 301 382 301
334 307 334 307
339 307 339 307
344 307 344 307
350 307 350 307
275 350 275 349
280 350 280 349
275 355 275 355
275 360 275 360
382 366 382 366
387 366 387 366
334 371 334 371
387 371 387 371
393 371 393 371
328 376 329 376
334 376 334 376
328 382 328 382
328 387 328 387
403 387 403 387
409 387 409 387
323 392 323 393
398 392 398 392
403 392 403 392
409 392 409 392
398 398 398 398
403 398 403 398
409 398 409 398
318 403 317 403
398 403 398 403
403 403 403 403
312 409 312 408
318 409 318 408
312 414 312 414
318 414 318 414
