259 173 259 173
259 178 259 178
264 178 264 178
264 183 264 184
264 189 264 189
269 189 270 189
264 194 264 195
269 194 269 194
275 194 275 194
269 200 269 200
275 200 275 199
280 200 280 199
269 205 270 205
275 205 275 205
280 205 280 205
286 205 285 205
291 205 291 205
296 205 296 205
269 210 269 211
275 210 275 210
280 210 280 210
286 210 285 210
291 210 291 210
296 210 296 210
302 210 302 210
307 210 307 210
312 210 312 210
318 210 317 210
323 210 323 210
280 216 280 215
286 216 285 216
291 216 290 215
296 216 296 216
302 216 302 216
307 216 307 216
312 216 311 216
318 216 317 216
323 216 323 216
328 216 329 216
280 221 280 221
286 221 286 221
291 221 291 221
296 221 295 221
302 221 301 221
307 221 307 221
312 221 313 221
318 221 318 221
323 221 324 221
328 221 329 221
334 221 334 221
275 226 274 226
280 226 281 227
286 226 286 226
291 226 291 227
296 226 296 227
302 226 302 227
307 226 307 227
312 226 313 227
318 226 318 226
323 226 324 227
328 226 329 227
334 226 334 227
339 226 339 226
275 232 275 231
280 232 279 231
286 232 285 232
291 232 291 232
296 232 297 231
302 232 302 233
307 232 307 232
318 232 319 232
323 232 324 232
328 232 329 233
334 232 334 232
339 232 339 232
344 232 344 231
355 232 355 232
361 232 360 231
366 232 366 231
275 237 275 237
280 237 279 237
286 237 285 237
291 237 291 237
296 237 297 236
302 237 302 237
307 237 307 237
312 237 312 237
323 237 324 237
328 237 329 238
334 237 334 238
339 237 339 238
344 237 344 238
350 237 349 237
355 237 355 237
361 237 360 236
366 237 365 236
371 237 372 237
280 242 280 242
286 242 286 243
291 242 291 243
296 242 296 241
302 242 302 242
307 242 307 242
312 242 312 242
323 242 323 242
339 242 339 243
344 242 344 243
350 242 350 243
355 242 355 242
361 242 360 242
366 242 365 242
371 242 371 243
377 242 376 242
382 242 381 242
280 248 280 248
286 248 286 248
291 248 292 249
296 248 297 248
302 248 302 247
307 248 306 248
312 248 312 248
318 248 317 248
323 248 327 243
334 248 334 247
339 248 339 247
344 248 344 247
355 248 355 247
361 248 361 248
366 248 366 247
371 248 371 247
377 248 377 246
382 248 381 247
387 248 387 248
280 253 280 254
286 253 286 254
291 253 293 254
302 253 301 253
307 253 306 254
312 253 312 254
318 253 317 253
323 253 330 249
339 253 339 252
344 253 344 252
350 253 350 253
355 253 355 252
361 253 361 252
366 253 366 253
371 253 371 252
377 253 377 252
382 253 382 252
387 253 388 253
393 253 393 253
398 253 398 253
286 258 286 259
291 258 296 263
302 258 301 259
307 258 307 259
312 258 312 259
318 258 317 258
323 258 322 257
328 258 328 257
334 258 334 257
339 258 339 257
344 258 345 257
350 258 350 258
355 258 355 258
361 258 360 258
366 258 366 258
371 258 372 259
377 258 377 257
382 258 382 257
387 258 388 258
393 258 393 258
398 258 398 258
403 258 403 258
286 264 286 264
291 264 292 265
302 264 302 264
307 264 307 264
312 264 313 264
318 264 317 265
323 264 323 264
328 264 328 264
334 264 334 264
339 264 339 263
344 264 345 263
350 264 349 263
355 264 354 264
361 264 360 264
371 264 370 265
377 264 376 263
382 264 382 262
387 264 387 263
393 264 394 263
398 264 398 263
403 264 403 263
409 264 409 264
414 264 415 264
291 269 291 269
296 269 297 270
302 269 302 270
307 269 308 270
312 269 313 270
318 269 318 269
323 269 323 269
328 269 328 269
334 269 334 269
339 269 340 269
344 269 344 269
350 269 350 268
355 269 355 269
361 269 360 270
366 269 365 270
371 269 371 270
377 269 376 270
382 269 381 269
387 269 386 269
393 269 393 268
398 269 398 268
403 269 403 268
409 269 409 269
414 269 414 270
420 269 419 270
425 269 425 269
296 275 296 275
302 275 302 275
307 275 308 275
312 275 313 275
318 275 317 275
323 275 323 274
328 275 328 275
334 275 334 275
339 275 339 275
344 275 344 275
350 275 350 274
355 275 355 273
361 275 361 274
366 275 366 275
371 275 371 275
377 275 375 275
382 275 381 275
387 275 386 276
393 275 393 274
398 275 397 275
403 275 402 275
409 275 408 274
414 275 414 275
420 275 419 275
425 275 425 274
430 275 431 274
436 275 436 275
296 280 296 280
302 280 302 280
307 280 307 281
312 280 313 281
318 280 318 280
323 280 323 280
328 280 328 280
334 280 334 280
339 280 339 280
344 280 344 279
350 280 350 279
355 280 355 280
366 280 366 279
371 280 372 280
377 280 376 280
387 280 387 280
393 280 392 280
398 280 397 280
403 280 403 280
409 280 408 280
414 280 414 280
420 280 419 280
425 280 425 280
430 280 430 280
436 280 436 280
302 285 302 286
307 285 307 286
312 285 313 286
318 285 318 285
323 285 324 285
328 285 329 286
334 285 334 286
339 285 340 286
344 285 345 285
350 285 350 284
355 285 355 285
361 285 361 286
366 285 367 286
371 285 372 285
377 285 377 285
382 285 382 285
387 285 387 285
393 285 392 285
398 285 398 285
403 285 403 285
409 285 409 285
414 285 414 285
420 285 419 285
425 285 425 285
307 291 307 291
312 291 313 290
318 291 318 290
323 291 324 291
328 291 329 291
334 291 334 291
339 291 340 291
344 291 345 291
350 291 350 290
355 291 355 290
361 291 361 291
371 291 372 290
377 291 378 290
382 291 383 290
387 291 388 291
393 291 392 291
398 291 398 291
403 291 403 291
409 291 409 290
318 296 318 296
323 296 324 296
328 296 329 296
334 296 335 297
339 296 340 296
344 296 345 296
350 296 350 296
355 296 356 296
361 296 360 296
366 296 366 296
371 296 372 296
382 296 382 296
387 296 388 296
393 296 393 296
398 296 398 296
328 301 329 301
334 301 335 302
339 301 339 301
344 301 345 301
350 301 350 301
355 301 355 301
361 301 361 301
366 301 366 301
371 301 372 301
377 301 377 301
382 301 382 301
334 307 334 307
339 307 339 307
344 307 345 307
350 307 350 307
334 312 334 312
339 312 339 312
344 312 345 312
275 350 275 349
280 350 280 350
275 355 275 355
275 360 275 360
382 366 382 365
387 366 387 366
334 371 334 371
387 371 388 371
393 371 393 371
328 376 328 376
334 376 334 376
398 376 398 376
328 382 329 382
328 387 329 387
403 387 403 387
409 387 409 387
323 392 323 393
398 392 398 392
403 392 403 392
409 392 409 392
398 398 398 398
403 398 403 398
409 398 409 398
318 403 318 403
398 403 398 403
403 403 403 403
312 409 313 409
318 409 318 409
312 414 312 414
318 414 318 414
