234 175 13 223
234 181 14 229
245 187 26 231
257 187 78 235
234 193 14 247
245 198 26 246
269 210 78 281
328 210 120 263
351 210 154 271
357 210 161 272
345 216 148 275
351 216 154 276
363 216 148 265
304 222 137 278
333 222 124 275
339 222 131 272
245 228 24 270
304 228 136 284
345 228 133 277
298 240 114 289
298 245 114 294
257 251 50 306
257 257 49 311
322 257 142 300
304 263 132 305
310 263 139 304
322 263 144 305
304 269 133 311
310 269 139 311
322 269 143 312
339 269 155 310
386 269 203 290
392 269 209 289
292 281 91 330
339 281 155 319
351 281 193 306
398 281 215 295
310 287 97 335
328 287 143 329
257 340 73 399
245 345 56 405
251 345 62 406
251 351 55 417
392 351 207 437
245 357 43 424
386 357 196 443
392 357 207 444
245 363 43 430
251 363 48 430
