280 200 19 225
280 205 20 231
312 210 44 229
318 210 56 228
323 210 66 228
275 216 14 235
312 216 49 235
318 216 61 234
323 216 68 233
328 216 72 234
286 221 24 247
318 221 61 240
323 221 67 240
328 221 73 240
334 221 79 241
328 226 73 247
334 226 78 247
339 232 102 269
350 232 131 265
366 232 143 264
312 237 55 259
323 237 66 259
302 242 43 265
307 242 50 264
312 242 55 265
350 242 119 277
361 242 137 270
366 242 143 271
371 242 150 270
280 248 31 277
318 248 60 271
361 248 138 277
366 248 144 276
280 253 32 287
286 253 36 287
302 253 60 295
398 253 179 278
377 258 160 282
382 264 166 287
387 264 172 286
339 269 96 294
371 269 149 293
382 269 166 292
393 269 177 289
328 275 84 301
334 275 91 300
339 275 97 301
355 275 120 305
361 275 130 305
366 275 148 298
377 275 155 299
393 275 179 293
436 275 202 287
328 280 85 307
334 280 91 306
339 280 97 306
339 285 97 312
366 285 137 313
377 285 149 313
382 285 155 311
307 291 62 325
350 291 107 318
344 296 101 324
350 296 107 323
355 296 115 323
361 296 127 318
393 296 162 312
398 296 167 312
344 301 101 331
350 301 107 329
355 301 114 329
361 301 132 325
366 301 137 324
377 301 145 324
382 301 150 325
339 307 126 335
350 307 107 336
275 355 54 416
275 360 48 424
382 366 172 405
387 371 179 411
328 376 115 420
334 376 121 419
409 387 202 425
398 392 195 437
409 392 202 435
398 398 195 442
403 398 202 442
409 398 207 443
403 403 202 448
