264 183 264 183
264 189 264 189
269 189 270 189
264 194 264 194
269 194 269 194
275 194 275 194
269 200 269 199
275 200 274 199
269 205 269 204
275 205 275 205
280 205 280 205
286 205 285 205
291 205 291 205
296 205 296 205
269 210 269 210
275 210 275 210
280 210 280 211
286 210 285 210
291 210 291 210
296 210 297 210
302 210 302 210
307 210 307 210
312 210 312 210
318 210 317 210
275 216 274 215
280 216 279 215
286 216 285 216
291 216 291 216
296 216 295 216
302 216 300 216
312 216 312 216
318 216 317 216
323 216 323 216
328 216 329 216
275 221 274 220
280 221 280 221
286 221 285 221
291 221 290 221
296 221 296 221
302 221 301 221
307 221 307 221
312 221 312 221
318 221 317 221
323 221 322 221
328 221 329 222
334 221 334 221
280 226 279 226
286 226 284 226
291 226 290 226
296 226 296 227
302 226 302 227
307 226 307 226
318 226 317 226
323 226 323 227
328 226 329 227
334 226 334 226
275 232 274 231
286 232 284 231
291 232 290 232
296 232 296 232
302 232 302 231
307 232 306 231
312 232 312 230
323 232 323 233
328 232 329 233
334 232 334 231
339 232 340 232
275 237 275 237
291 237 290 237
296 237 297 238
302 237 302 238
307 237 307 237
312 237 312 238
318 237 317 238
323 237 323 238
328 237 328 238
334 237 333 238
339 237 340 238
344 237 345 237
280 242 280 242
286 242 285 243
296 242 297 243
302 242 302 243
307 242 307 243
312 242 313 243
318 242 317 243
323 242 322 243
328 242 328 242
334 242 333 242
339 242 340 243
344 242 345 242
350 242 350 242
355 242 355 242
361 242 361 243
366 242 366 243
382 242 382 242
280 248 280 247
286 248 286 247
296 248 297 248
302 248 302 248
307 248 307 248
312 248 312 248
318 248 316 248
323 248 322 248
328 248 327 248
334 248 333 247
339 248 339 246
344 248 344 247
350 248 349 247
355 248 354 247
382 248 382 247
387 248 388 248
286 253 286 253
291 253 292 254
296 253 297 253
302 253 302 253
307 253 307 254
312 253 312 253
318 253 317 253
323 253 323 253
328 253 327 252
334 253 333 252
339 253 338 251
344 253 344 252
350 253 349 253
371 253 371 253
377 253 376 253
382 253 382 252
387 253 388 253
393 253 393 253
291 258 291 259
296 258 297 259
302 258 302 259
307 258 307 259
312 258 312 258
318 258 318 258
323 258 323 258
328 258 328 257
334 258 333 257
339 258 339 257
344 258 344 258
350 258 350 259
361 258 359 259
366 258 366 258
371 258 372 258
377 258 377 258
387 258 387 258
393 258 392 258
398 258 398 258
403 258 403 258
286 264 285 264
291 264 290 265
296 264 296 265
302 264 302 265
307 264 308 264
312 264 313 265
318 264 318 264
323 264 323 264
328 264 328 264
334 264 334 264
339 264 339 263
344 264 343 263
350 264 349 264
355 264 355 264
361 264 359 264
366 264 364 264
371 264 370 265
377 264 376 265
382 264 381 264
387 264 386 264
393 264 393 263
398 264 398 263
403 264 403 263
409 264 409 264
414 264 415 264
291 269 291 269
307 269 308 270
312 269 313 270
318 269 318 270
323 269 323 270
328 269 328 269
334 269 333 269
339 269 338 269
344 269 344 269
350 269 350 269
355 269 355 269
366 269 366 270
371 269 371 270
377 269 376 270
382 269 380 270
398 269 398 269
409 269 409 270
414 269 414 270
420 269 419 269
425 269 425 269
296 275 296 275
302 275 302 276
307 275 307 274
312 275 313 275
318 275 318 275
323 275 323 275
328 275 328 275
334 275 333 275
339 275 338 275
344 275 344 275
350 275 350 275
355 275 355 274
371 275 372 275
377 275 377 275
393 275 392 274
398 275 397 274
403 275 402 275
409 275 408 275
414 275 414 275
420 275 420 275
425 275 425 275
436 275 436 274
296 280 296 280
302 280 302 280
307 280 307 280
312 280 311 280
318 280 317 281
323 280 323 280
328 280 328 280
334 280 333 280
339 280 339 280
344 280 344 280
350 280 351 281
355 280 355 280
366 280 367 280
371 280 372 280
377 280 376 280
382 280 381 281
387 280 386 280
393 280 393 280
398 280 398 280
403 280 404 280
409 280 409 280
414 280 414 280
420 280 420 280
430 280 430 280
436 280 436 280
302 285 302 285
307 285 307 285
312 285 311 285
318 285 317 286
323 285 324 286
328 285 328 286
334 285 334 286
339 285 341 286
344 285 345 285
350 285 350 286
355 285 355 286
361 285 361 286
371 285 373 285
377 285 377 285
382 285 381 286
387 285 388 285
393 285 393 285
398 285 399 285
403 285 404 285
409 285 409 285
414 285 414 285
420 285 419 285
425 285 425 285
312 291 312 290
318 291 318 290
323 291 323 291
328 291 328 291
334 291 335 291
339 291 340 291
344 291 345 291
350 291 350 291
355 291 355 291
361 291 361 291
377 291 376 291
387 291 389 290
393 291 394 290
403 291 403 291
409 291 409 290
318 296 318 296
323 296 323 296
328 296 327 296
334 296 334 296
339 296 339 296
344 296 345 296
350 296 350 296
355 296 354 296
361 296 360 296
366 296 367 296
377 296 377 296
382 296 382 296
387 296 387 296
393 296 392 296
398 296 398 296
328 301 328 302
334 301 334 301
339 301 338 301
344 301 344 302
350 301 350 301
355 301 356 301
361 301 361 301
366 301 366 301
371 301 371 301
377 301 377 301
382 301 382 301
344 307 344 307
403 382 403 382
323 392 323 392
409 392 409 393
403 398 403 398
409 398 409 398
403 403 403 403
312 409 312 408
318 409 318 409
