280 200 15 225
280 205 21 231
286 205 28 230
269 210 9 238
275 210 14 239
280 210 22 237
286 210 29 236
318 210 53 229
269 216 12 245
275 216 17 244
280 216 24 243
275 221 18 249
302 226 44 248
334 226 79 243
286 232 30 261
312 232 55 252
366 232 140 262
296 237 38 260
302 237 44 258
307 237 50 258
344 237 109 273
350 237 115 273
280 242 33 274
291 242 38 273
296 242 39 266
302 242 45 264
307 242 51 264
344 242 108 278
280 248 33 281
302 248 46 271
307 248 52 270
312 248 65 277
366 248 139 277
312 253 64 281
318 253 71 280
302 258 47 291
307 258 58 289
339 258 75 261
302 264 53 296
334 264 85 288
398 264 180 284
334 269 87 293
393 269 174 291
398 269 179 291
425 269 187 282
350 275 110 298
377 275 154 299
398 275 180 295
436 275 203 287
328 280 85 307
334 280 92 306
339 280 100 305
366 280 137 307
371 280 149 306
387 280 162 305
334 285 93 314
361 285 131 312
366 285 139 313
344 291 82 319
350 291 119 321
377 296 146 319
328 301 77 332
350 301 109 330
355 301 120 329
361 301 133 325
371 301 139 325
377 301 146 324
344 307 108 336
280 350 60 410
275 355 53 416
334 366 116 419
382 366 168 403
387 371 179 411
334 376 119 423
398 376 191 415
403 387 201 427
398 392 194 436
403 392 201 435
398 398 195 446
403 398 202 441
409 398 207 441
