1 0 0 0.5504279732704163 
0 1 0 -0.2757447361946106 
0 0 1 -1.497338533401489 
0 0 0 1 

0.9144882559776306 0.1116928607225418 -0.3888903260231018 0.5404037833213806 
-0.082871213555336 0.9924722909927368 0.0901726633310318 -0.3517201542854309 
0.3960345089435577 -0.05023397877812386 0.9168604016304016 -1.524020671844482 
0 0 0 1 

0.9134147763252258 0.1142131984233856 -0.3906771242618561 0.5426571369171143 
-0.08488614857196808 0.9921720027923584 0.09159186482429504 -0.3534237742424011 
0.39807990193367 -0.05049824714660645 0.9159596562385559 -1.522045016288757 
0 0 0 1 

