280 200 15 225
280 205 21 231
269 210 8 237
280 210 22 236
312 210 39 228
318 210 53 228
275 216 17 243
318 216 54 235
328 216 71 233
275 221 19 249
323 221 66 239
328 221 73 238
328 226 74 245
334 226 80 244
302 232 43 256
307 232 49 255
366 232 140 262
291 237 36 266
302 237 43 259
307 237 49 259
291 242 37 274
296 242 43 272
307 242 53 272
312 242 58 270
318 242 65 269
371 242 146 270
377 242 152 268
291 248 39 280
296 248 44 279
366 248 140 277
371 248 151 273
291 253 39 286
296 253 46 286
318 253 72 280
398 253 178 278
296 258 46 291
307 258 60 290
382 258 167 284
302 264 48 297
312 264 66 295
393 264 178 285
302 269 48 303
361 269 123 303
371 269 149 294
377 269 156 294
382 269 162 292
393 269 173 290
307 275 61 308
334 275 91 301
350 275 119 309
371 275 148 300
377 275 155 299
382 275 162 297
387 275 168 296
393 275 174 296
403 275 179 298
425 275 193 289
436 275 203 287
296 280 50 314
302 280 55 315
328 280 85 308
334 280 92 306
339 280 99 305
366 280 137 308
371 280 149 306
382 280 156 305
387 280 162 305
393 280 176 303
334 285 93 313
355 285 125 315
366 285 138 313
371 285 150 312
307 291 65 327
328 291 95 322
339 291 100 318
350 291 120 323
339 296 100 325
350 296 108 323
377 296 145 319
339 301 102 331
350 301 108 329
355 301 127 326
361 301 132 325
371 301 139 325
377 301 146 325
334 307 122 336
339 307 128 334
350 307 108 336
339 312 123 339
280 350 60 410
275 355 53 416
339 360 124 411
371 360 167 405
377 360 173 405
334 366 117 418
382 366 179 409
328 376 107 435
403 387 200 427
398 392 194 436
403 392 201 434
398 398 194 442
403 398 201 442
403 403 202 448
312 409 48 420
