259 173 259 173
259 178 259 178
264 178 264 178
264 183 264 183
264 189 264 189
269 189 270 189
264 194 264 194
269 194 269 194
275 194 275 194
269 200 270 200
275 200 275 200
280 200 280 199
269 205 270 206
275 205 275 206
280 205 280 205
286 205 286 205
291 205 291 205
296 205 296 205
275 210 275 211
280 210 280 211
286 210 286 210
291 210 291 210
296 210 297 210
302 210 302 210
307 210 307 210
312 210 313 210
318 210 318 210
323 210 324 210
280 216 280 216
286 216 285 216
291 216 292 216
296 216 297 216
302 216 301 216
307 216 307 216
312 216 312 215
318 216 317 216
323 216 323 216
328 216 329 216
275 221 274 221
280 221 279 221
286 221 285 221
291 221 292 221
296 221 297 221
302 221 302 221
307 221 307 221
312 221 312 222
318 221 317 221
323 221 323 222
328 221 328 221
334 221 334 221
275 226 274 226
280 226 280 226
286 226 285 226
291 226 291 226
296 226 297 226
302 226 302 226
307 226 308 226
312 226 312 227
318 226 318 227
323 226 323 227
328 226 329 228
334 226 335 226
339 226 339 226
355 226 355 226
275 232 275 231
280 232 280 231
286 232 285 232
291 232 291 232
296 232 297 231
302 232 302 231
307 232 308 231
312 232 313 232
318 232 318 232
323 232 324 233
328 232 329 232
334 232 334 232
339 232 339 231
344 232 344 231
350 232 349 232
355 232 355 232
361 232 361 232
366 232 366 231
275 237 275 237
286 237 285 237
291 237 291 237
296 237 297 237
302 237 301 237
307 237 307 237
312 237 312 237
318 237 318 238
323 237 323 238
328 237 330 237
334 237 333 237
339 237 339 236
344 237 345 236
350 237 350 237
355 237 355 237
361 237 359 237
366 237 365 237
371 237 372 237
280 242 280 243
286 242 285 243
291 242 290 243
296 242 296 243
302 242 301 243
307 242 307 242
312 242 312 242
318 242 318 242
323 242 324 242
328 242 329 242
334 242 333 241
339 242 339 243
344 242 344 242
350 242 350 243
355 242 354 243
361 242 359 242
366 242 365 243
371 242 372 243
377 242 377 243
382 242 384 243
280 248 280 248
286 248 285 248
291 248 291 248
296 248 296 248
302 248 301 248
307 248 307 248
312 248 312 248
318 248 317 248
323 248 323 248
328 248 328 247
334 248 334 248
339 248 339 248
344 248 345 248
350 248 350 248
355 248 356 248
361 248 361 248
366 248 366 248
371 248 372 248
377 248 377 248
382 248 383 248
387 248 388 248
280 253 280 254
286 253 286 254
291 253 292 254
296 253 297 253
302 253 302 253
307 253 307 254
312 253 312 254
318 253 317 254
323 253 323 253
328 253 328 253
334 253 334 253
339 253 339 254
344 253 344 254
350 253 350 253
355 253 356 253
361 253 361 253
366 253 367 252
377 253 377 253
382 253 383 253
387 253 388 253
393 253 393 253
398 253 398 253
286 258 285 259
291 258 292 259
296 258 297 259
302 258 302 258
307 258 307 258
312 258 312 258
318 258 318 259
323 258 323 258
328 258 329 258
334 258 334 259
339 258 340 259
344 258 344 260
350 258 350 259
355 258 356 258
361 258 361 259
366 258 366 259
371 258 371 258
382 258 376 259
387 258 388 258
393 258 394 258
398 258 399 259
403 258 404 259
286 264 285 264
291 264 291 264
296 264 296 264
302 264 302 264
307 264 307 263
312 264 312 263
318 264 318 264
323 264 322 264
328 264 328 264
334 264 334 264
339 264 340 264
344 264 345 264
350 264 350 264
355 264 355 264
361 264 360 264
366 264 366 264
371 264 370 264
393 264 394 264
398 264 399 264
403 264 403 264
409 264 409 264
414 264 413 264
420 264 419 264
291 269 291 269
296 269 297 269
302 269 302 268
307 269 307 269
312 269 313 270
318 269 318 270
323 269 323 270
328 269 329 269
334 269 334 269
339 269 340 269
344 269 345 268
350 269 350 269
355 269 355 269
361 269 360 270
366 269 366 269
371 269 371 270
377 269 376 270
382 269 381 270
387 269 388 269
393 269 394 269
398 269 399 270
403 269 403 269
409 269 409 270
414 269 413 269
420 269 419 268
425 269 425 269
296 275 296 274
302 275 302 274
307 275 307 274
312 275 313 276
318 275 318 276
323 275 324 275
328 275 328 274
334 275 334 275
339 275 340 274
344 275 344 274
350 275 350 274
355 275 355 274
361 275 360 275
366 275 367 275
371 275 371 274
377 275 376 274
382 275 382 274
387 275 387 274
393 275 394 275
398 275 399 275
403 275 404 275
409 275 409 275
414 275 414 275
420 275 420 275
425 275 425 275
430 275 430 275
436 275 436 275
296 280 296 280
302 280 302 280
307 280 308 280
312 280 313 280
318 280 318 280
323 280 323 280
328 280 328 279
334 280 334 280
339 280 340 282
344 280 345 280
350 280 350 280
355 280 355 280
361 280 360 280
366 280 366 280
371 280 372 279
377 280 377 279
382 280 383 279
387 280 387 279
393 280 393 280
398 280 399 281
403 280 404 281
409 280 409 280
414 280 414 280
420 280 420 280
425 280 425 280
430 280 430 280
436 280 436 280
302 285 302 285
307 285 307 285
312 285 312 285
318 285 317 285
323 285 323 285
328 285 328 285
334 285 334 286
339 285 340 286
344 285 345 287
350 285 350 286
355 285 355 285
366 285 365 284
371 285 371 285
377 285 378 285
382 285 383 285
387 285 389 284
393 285 394 284
398 285 399 285
403 285 404 285
409 285 409 285
414 285 414 285
420 285 419 285
425 285 425 285
307 291 307 291
312 291 312 291
318 291 317 291
323 291 322 290
328 291 328 291
334 291 334 291
339 291 339 291
344 291 345 291
350 291 350 291
355 291 356 291
361 291 360 290
371 291 370 291
377 291 376 290
382 291 383 291
393 291 394 290
398 291 398 291
403 291 403 291
409 291 409 291
318 296 318 296
328 296 328 296
334 296 334 296
339 296 340 296
344 296 345 296
350 296 350 296
355 296 355 296
361 296 361 296
366 296 366 297
377 296 376 296
382 296 382 296
387 296 388 296
393 296 393 296
398 296 398 296
328 301 328 301
334 301 334 301
339 301 340 302
344 301 345 301
350 301 350 302
355 301 356 301
361 301 361 302
366 301 366 301
371 301 370 301
377 301 376 301
382 301 382 301
334 307 334 307
339 307 339 307
344 307 344 307
350 307 349 307
334 312 334 312
339 312 339 312
344 312 344 312
350 312 350 312
275 350 274 350
280 350 280 350
275 355 275 355
275 360 275 360
334 366 334 366
382 366 381 365
387 366 387 366
334 371 334 371
387 371 387 371
393 371 392 371
328 376 328 376
334 376 334 376
398 376 398 376
328 382 328 382
328 387 328 387
409 387 409 387
323 392 323 394
398 392 398 392
403 392 403 392
409 392 409 393
398 398 398 398
403 398 403 398
409 398 409 398
318 403 318 403
403 403 403 403
312 409 312 409
318 409 318 409
312 414 312 414
318 414 318 414
