259 173 259 173
259 178 259 178
264 178 264 178
264 183 264 184
264 189 264 189
269 189 270 189
264 194 264 194
269 194 269 194
275 194 275 194
269 200 269 199
275 200 275 199
280 200 280 199
269 205 269 205
275 205 274 205
280 205 280 205
286 205 286 205
291 205 291 205
296 205 296 205
269 210 269 211
275 210 274 210
280 210 280 210
286 210 286 210
291 210 291 210
296 210 297 210
302 210 302 210
307 210 307 211
312 210 312 210
318 210 318 210
323 210 323 210
275 216 274 215
280 216 279 215
286 216 285 216
291 216 291 216
296 216 297 216
302 216 301 216
307 216 307 216
312 216 312 216
318 216 316 216
323 216 323 216
328 216 329 216
275 221 274 220
280 221 279 221
286 221 285 221
291 221 291 221
296 221 296 221
302 221 305 222
312 221 312 222
318 221 317 221
323 221 323 221
328 221 329 221
334 221 334 221
275 226 274 226
280 226 279 226
286 226 284 226
291 226 290 227
296 226 296 227
302 226 302 226
307 226 307 227
312 226 312 226
318 226 317 225
323 226 323 226
328 226 329 226
334 226 334 226
339 226 339 226
275 232 274 231
280 232 279 233
286 232 284 232
291 232 290 232
296 232 297 232
302 232 301 231
307 232 307 232
312 232 312 231
318 232 318 231
323 232 323 232
328 232 327 231
334 232 334 231
339 232 339 231
344 232 344 232
350 232 349 232
355 232 355 232
361 232 361 232
366 232 366 231
275 237 275 237
280 237 279 238
291 237 291 237
296 237 297 238
302 237 301 238
307 237 307 237
312 237 311 237
318 237 317 238
328 237 329 237
334 237 333 236
339 237 339 236
344 237 344 236
350 237 350 237
355 237 355 238
361 237 361 238
366 237 366 238
371 237 372 237
280 242 280 243
286 242 286 243
291 242 291 243
296 242 296 243
302 242 302 243
307 242 307 242
312 242 311 242
318 242 316 242
334 242 334 242
339 242 339 241
344 242 345 242
350 242 350 242
355 242 356 243
361 242 362 243
366 242 366 243
371 242 371 243
377 242 376 242
382 242 382 242
280 248 280 248
286 248 286 248
291 248 291 248
296 248 296 248
302 248 302 248
307 248 307 248
312 248 312 248
318 248 316 248
323 248 323 248
328 248 328 248
339 248 339 247
344 248 345 247
355 248 355 248
361 248 361 248
366 248 366 248
371 248 371 247
377 248 376 247
382 248 382 248
387 248 387 248
280 253 280 254
286 253 286 253
291 253 291 253
296 253 296 253
302 253 302 253
307 253 307 254
312 253 312 253
318 253 317 254
323 253 323 253
339 253 339 253
344 253 344 253
350 253 350 253
355 253 356 252
361 253 361 253
366 253 366 253
371 253 371 252
377 253 376 252
382 253 382 253
387 253 387 253
393 253 393 253
398 253 398 253
286 258 286 259
291 258 291 258
296 258 296 258
302 258 302 259
307 258 307 259
312 258 312 258
318 258 318 258
323 258 323 259
328 258 328 258
334 258 334 258
339 258 339 258
344 258 344 259
350 258 350 259
355 258 356 258
361 258 362 258
366 258 366 258
371 258 370 258
382 258 382 259
387 258 388 259
393 258 393 259
398 258 399 258
403 258 403 259
286 264 285 264
291 264 295 270
302 264 301 265
307 264 306 264
312 264 313 264
318 264 317 264
323 264 323 264
328 264 329 265
334 264 334 264
339 264 339 263
344 264 344 263
350 264 349 264
355 264 355 264
361 264 361 263
366 264 366 263
371 264 371 264
377 264 376 264
382 264 382 264
387 264 388 264
393 264 394 263
398 264 398 263
403 264 403 264
409 264 409 263
414 264 414 264
420 264 418 264
291 269 291 269
302 269 302 270
307 269 307 270
312 269 313 270
318 269 318 269
323 269 323 269
328 269 329 269
334 269 334 270
339 269 339 269
344 269 344 269
350 269 350 269
355 269 355 269
361 269 361 269
366 269 366 269
371 269 371 269
377 269 377 270
382 269 381 270
387 269 388 269
393 269 394 268
398 269 399 268
403 269 403 268
409 269 408 269
414 269 413 270
420 269 419 269
425 269 425 269
296 275 296 274
302 275 302 275
307 275 307 275
312 275 312 275
318 275 317 275
323 275 323 275
328 275 329 275
334 275 334 275
339 275 340 274
344 275 345 274
350 275 350 274
355 275 355 275
361 275 361 275
366 275 366 275
371 275 370 275
377 275 376 275
382 275 381 275
393 275 393 274
398 275 397 274
403 275 403 274
409 275 408 275
414 275 414 275
420 275 419 275
425 275 425 274
430 275 430 274
436 275 436 275
296 280 296 280
302 280 302 280
307 280 307 280
312 280 312 280
318 280 317 281
323 280 323 280
328 280 328 280
334 280 334 280
339 280 340 281
344 280 344 280
350 280 350 280
355 280 355 280
366 280 366 279
371 280 370 280
377 280 376 280
382 280 382 281
387 280 386 281
393 280 390 281
398 280 397 280
403 280 404 280
409 280 409 280
414 280 413 280
420 280 419 280
425 280 425 280
430 280 430 280
436 280 436 280
302 285 302 286
307 285 308 285
312 285 312 286
318 285 318 286
323 285 324 286
328 285 328 286
334 285 333 286
339 285 340 286
344 285 345 286
350 285 350 285
355 285 355 285
366 285 366 285
371 285 371 285
377 285 377 285
382 285 382 285
387 285 387 285
393 285 390 286
398 285 397 285
403 285 404 285
409 285 409 286
414 285 414 286
420 285 419 285
425 285 425 285
307 291 307 291
312 291 312 291
318 291 318 291
323 291 323 291
328 291 329 291
334 291 333 291
339 291 340 291
344 291 345 291
350 291 350 290
355 291 355 290
361 291 360 290
371 291 372 291
377 291 376 291
382 291 382 291
387 291 386 291
393 291 391 291
398 291 398 291
403 291 403 291
409 291 409 291
318 296 318 296
323 296 323 296
328 296 329 296
334 296 334 297
339 296 340 296
344 296 345 296
350 296 350 296
355 296 355 296
361 296 361 296
366 296 366 296
371 296 372 296
377 296 376 296
382 296 382 296
387 296 387 297
393 296 393 296
398 296 398 296
328 301 329 301
334 301 334 302
339 301 340 302
344 301 345 302
350 301 350 301
355 301 356 301
361 301 361 301
366 301 366 301
371 301 371 301
377 301 376 301
382 301 382 301
334 307 334 307
339 307 339 307
344 307 345 307
350 307 350 307
334 312 334 312
339 312 339 312
344 312 344 312
275 350 275 350
280 350 280 350
275 355 275 355
275 360 275 360
334 366 334 366
382 366 381 365
387 366 387 366
334 371 334 371
387 371 387 371
393 371 393 371
328 376 328 376
334 376 334 376
328 382 329 381
328 387 329 386
403 387 403 387
409 387 409 387
323 392 323 392
398 392 398 393
403 392 403 393
409 392 409 393
398 398 398 398
403 398 403 398
409 398 409 398
318 403 318 403
398 403 398 403
403 403 403 404
312 409 312 408
318 409 318 409
312 414 312 414
318 414 318 414
