1 0 0 0.5504279732704163 
0 1 0 -0.2757447361946106 
0 0 1 -1.497338533401489 
0 0 0 1 

0.9147571325302124 0.1112541183829308 -0.388383537530899 0.5396565794944763 
-0.08232379704713821 0.9924964308738708 0.09040810912847519 -0.352320671081543 
0.395527571439743 -0.05072823539376259 0.9170520901679993 -1.524362087249756 
0 0 0 1 

0.9128360152244568 0.1164427176117897 -0.3913706839084625 0.5438216328620911 
-0.08623548597097397 0.9918343424797058 0.09395918250083923 -0.3570178747177124 
0.3991158902645111 -0.05201913043856621 0.9154236316680908 -1.521440505981445 
0 0 0 1 

