234 175 13 223
234 181 14 229
234 193 9 239
245 198 22 248
239 204 19 255
239 210 20 262
345 210 128 262
357 210 156 270
345 216 129 269
357 216 142 266
363 216 169 275
245 222 27 268
339 222 124 274
345 222 132 273
351 222 152 283
245 228 26 275
339 228 126 280
328 234 119 287
316 245 144 285
363 245 165 282
304 251 128 294
310 251 139 292
316 251 145 293
328 251 151 290
369 251 177 286
257 257 54 316
304 257 133 299
310 257 140 298
316 257 148 297
298 263 129 306
304 263 135 305
310 263 141 304
316 263 148 303
281 269 123 313
386 269 204 289
392 269 210 289
357 281 194 306
392 281 211 297
398 281 217 294
345 287 119 332
351 287 126 332
351 293 128 340
245 345 57 405
251 345 64 406
251 357 47 428
386 357 198 445
245 363 47 433
