228 140 227 140
234 140 234 140
239 140 239 140
228 146 228 145
234 146 233 146
239 146 239 146
228 151 228 152
222 157 222 157
228 157 228 157
234 157 233 158
245 157 245 157
222 163 222 164
245 163 245 163
228 169 228 169
245 169 245 170
228 175 228 175
234 175 234 175
239 175 240 175
251 175 251 175
228 181 228 181
234 181 234 181
239 181 240 181
234 187 234 187
239 187 239 187
245 187 245 186
239 193 239 193
245 193 245 193
251 193 251 193
257 193 257 192
245 198 246 200
251 198 252 200
245 204 246 205
251 204 251 205
257 204 257 205
245 210 245 210
251 210 252 211
257 210 257 210
263 210 263 211
275 210 275 210
281 210 282 210
286 210 287 210
292 210 292 210
298 210 298 210
304 210 304 211
316 210 316 210
357 210 357 210
245 216 245 216
251 216 251 217
257 216 258 218
263 216 263 217
269 216 269 216
275 216 275 216
281 216 281 216
286 216 286 216
292 216 291 216
298 216 297 216
316 216 316 215
322 216 322 216
328 216 328 216
333 216 333 216
339 216 339 216
345 216 345 216
363 216 363 215
245 222 245 223
251 222 252 223
257 222 257 223
263 222 263 223
275 222 275 221
298 222 298 222
304 222 304 221
316 222 316 222
322 222 322 221
328 222 327 222
333 222 333 222
339 222 339 222
345 222 345 221
357 222 358 222
363 222 363 222
251 228 252 228
257 228 257 227
263 228 263 227
269 228 269 227
286 228 286 227
292 228 291 228
298 228 299 228
310 228 310 228
316 228 316 228
322 228 322 227
328 228 328 228
333 228 334 228
339 228 339 228
345 228 346 228
357 228 359 227
363 228 363 228
369 228 369 228
257 234 257 234
263 234 264 233
269 234 269 233
275 234 275 233
281 234 280 233
286 234 286 234
292 234 292 233
298 234 298 233
304 234 304 233
310 234 310 233
333 234 333 234
339 234 338 234
345 234 344 234
351 234 352 233
357 234 358 233
369 234 369 234
257 240 257 240
263 240 263 240
269 240 268 239
275 240 274 239
281 240 280 239
286 240 286 239
292 240 291 239
298 240 298 239
304 240 304 239
310 240 309 239
316 240 317 239
333 240 333 240
339 240 338 240
345 240 344 239
351 240 350 239
357 240 356 239
363 240 363 240
369 240 370 240
375 240 375 240
251 245 251 246
263 245 263 246
269 245 268 245
275 245 275 245
292 245 292 244
298 245 298 244
304 245 304 245
310 245 310 246
316 245 317 246
322 245 323 245
333 245 334 245
339 245 339 246
345 245 344 246
351 245 350 246
357 245 356 246
363 245 363 246
375 245 375 246
251 251 251 251
263 251 263 251
269 251 269 253
275 251 275 253
286 251 287 251
292 251 293 250
298 251 299 251
304 251 304 251
310 251 310 252
316 251 316 251
322 251 322 251
328 251 328 251
333 251 334 251
339 251 339 251
345 251 344 251
351 251 350 252
357 251 358 253
363 251 364 252
369 251 370 252
381 251 381 251
263 257 263 258
269 257 269 259
275 257 275 258
281 257 280 257
286 257 286 257
292 257 291 258
298 257 298 257
304 257 303 257
310 257 310 257
316 257 316 257
322 257 322 257
328 257 328 256
333 257 334 256
339 257 340 257
345 257 345 257
351 257 352 257
363 257 365 257
369 257 370 258
386 257 386 257
263 263 263 264
269 263 270 265
275 263 275 264
281 263 281 264
292 263 291 263
298 263 298 263
304 263 303 262
310 263 309 262
316 263 315 264
322 263 321 264
333 263 333 263
339 263 340 263
345 263 346 263
363 263 365 263
369 263 369 264
375 263 374 265
386 263 386 264
269 269 269 270
275 269 275 269
281 269 282 270
286 269 287 269
292 269 292 269
298 269 298 269
304 269 304 269
310 269 308 269
316 269 314 269
322 269 321 269
333 269 333 269
339 269 339 269
345 269 345 269
357 269 356 269
363 269 363 269
369 269 368 269
381 269 380 269
275 275 275 275
281 275 281 275
286 275 286 275
292 275 292 275
304 275 303 274
310 275 308 274
316 275 314 275
322 275 320 275
328 275 326 275
333 275 332 275
339 275 338 275
345 275 345 275
357 275 357 275
363 275 363 275
369 275 368 275
375 275 374 275
381 275 380 274
386 275 386 274
392 275 392 274
398 275 398 275
281 281 281 281
286 281 286 281
292 281 292 281
298 281 298 281
304 281 303 280
328 281 327 281
333 281 333 281
339 281 339 281
345 281 345 281
351 281 351 282
357 281 358 281
363 281 363 281
369 281 369 281
375 281 374 281
381 281 381 281
386 281 386 281
398 281 398 281
304 287 304 287
310 287 310 287
316 287 316 287
322 287 322 287
328 287 328 287
333 287 333 287
339 287 339 286
345 287 345 287
351 287 351 287
357 287 358 287
316 293 316 292
322 293 322 293
316 298 316 299
322 298 322 298
251 351 251 351
386 351 387 351
392 351 392 351
245 357 245 357
386 357 387 357
322 398 322 398
