234 134 233 134
234 140 233 140
228 146 228 145
234 146 233 146
222 151 222 151
228 151 228 151
234 151 233 151
239 151 239 151
222 157 222 157
228 157 228 157
234 157 233 157
239 157 240 158
222 163 222 163
228 163 228 163
245 163 245 165
228 169 228 169
245 169 245 170
228 175 228 175
234 175 234 175
239 175 239 175
234 181 234 181
239 181 239 181
245 181 245 181
234 187 234 187
239 187 239 186
245 187 245 186
251 187 251 187
245 193 245 192
251 193 251 193
257 193 257 192
245 198 245 198
251 198 252 199
239 204 239 204
245 204 246 205
251 204 252 205
245 210 245 210
251 210 251 211
257 210 257 210
281 210 280 210
292 210 292 210
298 210 298 210
316 210 316 210
339 210 339 210
345 210 344 210
357 210 356 210
251 216 252 217
257 216 257 217
263 216 263 217
275 216 275 216
281 216 280 216
286 216 286 216
292 216 292 216
298 216 299 216
310 216 311 216
316 216 316 216
322 216 322 216
328 216 327 215
333 216 333 216
345 216 345 216
351 216 350 216
363 216 363 216
245 222 245 222
251 222 252 223
257 222 257 222
263 222 264 223
275 222 275 221
286 222 287 222
292 222 292 221
298 222 299 222
310 222 311 221
316 222 316 221
322 222 322 221
328 222 327 221
339 222 338 221
345 222 345 220
351 222 351 221
357 222 358 221
363 222 364 223
245 228 245 227
251 228 251 229
257 228 258 229
263 228 263 228
269 228 269 228
286 228 287 227
292 228 292 227
298 228 299 227
310 228 310 227
316 228 316 227
322 228 321 228
351 228 351 227
357 228 358 227
363 228 364 228
369 228 369 228
257 234 258 234
263 234 263 235
269 234 269 234
275 234 275 233
281 234 281 233
286 234 287 234
292 234 293 233
298 234 298 233
304 234 305 235
310 234 310 235
328 234 327 233
345 234 344 234
351 234 351 233
357 234 358 233
363 234 364 233
369 234 370 234
251 240 251 241
257 240 257 241
263 240 263 240
269 240 269 239
275 240 274 239
281 240 281 239
286 240 287 238
292 240 292 238
298 240 298 238
304 240 304 239
316 240 316 240
351 240 352 239
357 240 358 238
369 240 368 241
251 245 251 246
269 245 269 246
275 245 275 246
298 245 299 245
316 245 316 245
322 245 322 244
328 245 328 244
351 245 352 245
363 245 363 247
369 245 368 246
375 245 374 246
251 251 251 251
257 251 257 252
263 251 264 252
269 251 269 252
275 251 275 252
286 251 287 250
292 251 292 250
339 251 338 251
345 251 345 251
351 251 351 252
363 251 363 252
369 251 368 252
375 251 374 252
381 251 381 251
257 257 258 258
269 257 270 259
275 257 275 258
286 257 286 257
292 257 292 257
333 257 332 256
339 257 339 257
345 257 345 257
351 257 351 257
363 257 363 258
369 257 368 258
375 257 375 258
381 257 381 258
386 257 387 258
263 263 263 264
269 263 268 264
275 263 274 263
281 263 281 264
292 263 292 262
304 263 304 262
310 263 310 263
316 263 316 263
322 263 322 263
328 263 326 263
333 263 332 263
369 263 369 264
375 263 376 263
269 269 268 269
275 269 273 268
281 269 280 269
286 269 286 269
298 269 297 269
304 269 304 268
310 269 310 268
316 269 316 269
322 269 322 269
328 269 327 269
333 269 332 269
345 269 346 269
351 269 352 269
357 269 358 269
363 269 363 269
369 269 369 269
375 269 375 269
381 269 380 269
386 269 386 269
392 269 392 269
275 275 274 275
281 275 279 274
286 275 285 274
310 275 310 275
316 275 315 275
322 275 322 274
328 275 328 275
351 275 351 275
357 275 358 275
363 275 363 275
369 275 369 275
375 275 375 274
381 275 381 274
386 275 387 274
392 275 393 274
281 281 280 281
286 281 286 281
292 281 292 281
298 281 298 281
304 281 304 281
328 281 328 281
333 281 334 281
339 281 340 281
345 281 345 281
351 281 351 281
357 281 357 281
363 281 363 281
369 281 369 281
375 281 375 280
381 281 381 280
386 281 386 281
392 281 392 281
398 281 398 281
304 287 304 287
316 287 316 287
322 287 322 287
328 287 328 287
333 287 334 287
339 287 340 286
345 287 345 287
351 287 351 287
357 287 357 287
316 293 316 292
386 351 386 352
392 351 392 351
245 363 245 363
322 392 322 392
322 398 322 398
