235 134 235 134
229 140 229 139
235 140 234 139
240 140 240 139
229 146 229 145
240 146 240 145
223 151 223 152
229 151 229 151
235 151 235 151
240 151 241 151
235 157 235 157
240 157 241 157
246 157 246 156
223 163 223 163
229 163 229 163
240 163 240 164
246 163 246 163
223 169 223 169
229 169 229 169
235 169 234 169
229 175 229 175
235 175 235 175
229 181 229 181
235 181 234 181
240 181 240 181
235 187 234 187
240 187 240 187
246 187 246 187
252 187 252 187
240 193 240 193
246 193 246 193
252 193 252 192
240 198 240 198
246 198 247 199
252 198 252 199
258 198 258 198
240 204 241 204
246 204 247 205
252 204 253 205
258 204 258 204
264 204 264 204
246 210 246 210
252 210 252 210
258 210 258 210
282 210 281 211
287 210 288 211
293 210 294 210
299 210 299 210
305 210 306 210
317 210 317 210
323 210 322 210
340 210 340 210
346 210 346 210
352 210 351 210
358 210 357 210
246 216 246 216
252 216 252 216
258 216 257 215
264 216 263 216
276 216 275 216
293 216 294 215
311 216 311 216
317 216 317 216
323 216 322 216
329 216 327 216
334 216 332 217
346 216 345 216
352 216 352 216
358 216 358 216
246 222 246 222
252 222 252 222
258 222 257 221
264 222 264 222
276 222 275 222
287 222 287 221
293 222 293 222
305 222 305 222
311 222 311 222
317 222 317 222
323 222 322 222
329 222 327 222
334 222 332 223
340 222 338 223
346 222 345 222
352 222 351 222
358 222 358 222
364 222 364 222
246 228 246 226
252 228 252 227
258 228 257 227
264 228 263 227
270 228 270 227
287 228 287 227
293 228 294 227
299 228 299 228
305 228 305 228
311 228 311 228
317 228 316 228
323 228 323 229
334 228 333 229
340 228 339 228
346 228 346 228
352 228 352 228
358 228 358 228
364 228 363 228
370 228 370 228
246 234 246 233
252 234 252 234
258 234 258 235
264 234 263 234
270 234 270 234
282 234 281 234
287 234 287 234
293 234 294 234
299 234 299 234
305 234 305 234
311 234 310 233
317 234 316 233
323 234 322 233
329 234 328 234
340 234 340 234
346 234 346 234
352 234 353 234
358 234 358 234
364 234 364 234
258 240 258 241
264 240 264 240
270 240 270 241
276 240 276 240
282 240 282 240
287 240 287 240
293 240 293 240
299 240 299 240
305 240 304 240
311 240 309 240
317 240 315 239
329 240 328 239
346 240 346 239
352 240 351 239
358 240 357 239
364 240 363 240
376 240 376 239
252 245 252 245
264 245 264 246
270 245 270 246
276 245 276 245
282 245 282 246
287 245 288 246
293 245 294 246
299 245 299 246
305 245 305 246
340 245 339 245
352 245 349 245
364 245 362 246
370 245 369 245
376 245 375 245
252 251 252 251
258 251 258 251
264 251 263 251
270 251 269 252
276 251 276 252
287 251 288 252
293 251 294 252
299 251 299 253
305 251 305 252
311 251 310 251
340 251 339 252
346 251 344 251
364 251 361 252
370 251 368 251
376 251 375 251
382 251 382 251
258 257 258 257
264 257 263 257
270 257 270 257
276 257 276 258
282 257 282 258
287 257 287 257
293 257 294 258
299 257 299 258
305 257 305 257
311 257 310 257
329 257 328 258
340 257 338 257
346 257 344 258
352 257 350 258
364 257 361 258
370 257 368 258
376 257 375 256
382 257 381 256
387 257 387 257
264 263 264 263
270 263 271 263
276 263 276 263
282 263 282 264
299 263 299 264
305 263 305 264
311 263 311 263
317 263 317 263
323 263 323 263
329 263 328 263
334 263 333 263
340 263 339 263
346 263 344 264
352 263 351 263
358 263 356 263
364 263 361 263
370 263 368 264
376 263 375 263
382 263 381 263
387 263 387 262
270 269 270 269
276 269 276 269
282 269 282 269
287 269 287 269
293 269 293 269
299 269 299 269
305 269 305 269
311 269 310 269
317 269 318 269
323 269 323 269
329 269 328 269
334 269 333 269
340 269 339 269
346 269 345 269
352 269 352 269
364 269 363 269
370 269 368 270
376 269 375 270
382 269 381 269
387 269 388 268
393 269 393 269
270 275 270 275
276 275 276 275
282 275 282 275
287 275 287 275
293 275 293 275
311 275 309 275
317 275 316 275
323 275 323 275
329 275 328 275
334 275 333 275
340 275 339 275
346 275 345 275
352 275 352 275
358 275 358 275
376 275 375 275
382 275 381 275
387 275 387 275
393 275 393 275
282 281 281 281
287 281 288 281
293 281 293 281
299 281 299 281
329 281 328 281
334 281 333 281
340 281 338 281
346 281 345 281
352 281 352 281
358 281 357 281
364 281 363 281
370 281 368 281
376 281 375 281
382 281 382 281
387 281 388 281
393 281 393 281
299 287 299 287
305 287 304 287
311 287 311 287
317 287 317 287
323 287 322 287
329 287 328 287
334 287 334 287
340 287 339 287
346 287 346 287
352 287 352 287
358 287 358 287
252 351 252 351
387 351 387 351
393 351 393 352
246 357 246 357
252 357 252 357
323 392 323 392
