1 0 0 0.5504279732704163 
0 1 0 -0.2757447361946106 
0 0 1 -1.497338533401489 
0 0 0 1 

0.9389588236808777 0.1526360362768173 -0.3083154261112213 0.5044265985488892 
-0.1141630560159683 0.9836485981941223 0.1392916589975357 -0.3737748563289642 
0.3245349824428558 -0.09559084475040436 0.9410309791564941 -1.457684278488159 
0 0 0 1 

0.9388242959976196 0.152432769536972 -0.3088262379169464 0.5040569305419922 
-0.1137587577104568 0.9836394786834717 0.139688178896904 -0.373891294002533 
0.3250666856765747 -0.09601079672574997 0.9408048987388611 -1.456875205039978 
0 0 0 1 

