1 0 0 0.5504279732704163 
0 1 0 -0.2757447361946106 
0 0 1 -1.497338533401489 
0 0 0 1 

0.9387877583503723 0.1530809700489044 -0.3086157441139221 0.5047029852867126 
-0.1142548322677612 0.9834970235824585 0.1402832418680191 -0.375165581703186 
0.3249973654747009 -0.0964353084564209 0.9407852292060852 -1.457313895225525 
0 0 0 1 

0.9389904737472534 0.1518899649381638 -0.3085873425006866 0.5039303302764893 
-0.1135598197579384 0.9838033318519592 0.1386907398700714 -0.3725026249885559 
0.3246549963951111 -0.09518609195947647 0.9410305619239807 -1.457219362258911 
0 0 0 1 

