259 178 259 178
264 178 264 178
264 183 264 184
264 189 264 189
269 189 270 189
264 194 264 194
269 194 269 194
275 194 275 194
269 200 269 199
275 200 275 199
269 205 269 205
275 205 275 205
280 205 281 205
286 205 286 205
291 205 291 205
296 205 296 205
275 210 275 210
280 210 280 210
291 210 291 210
296 210 297 210
302 210 302 210
307 210 307 211
312 210 312 210
318 210 318 210
323 210 323 210
275 216 275 215
280 216 280 215
291 216 291 216
296 216 297 216
302 216 302 216
307 216 308 217
312 216 313 216
318 216 317 216
323 216 323 216
328 216 329 216
275 221 274 220
280 221 280 221
286 221 285 221
291 221 291 221
296 221 297 221
302 221 302 221
307 221 307 222
312 221 313 222
318 221 318 222
323 221 322 221
328 221 329 221
334 221 334 221
275 226 274 226
280 226 280 227
286 226 285 227
296 226 297 228
302 226 302 227
307 226 307 227
312 226 311 226
318 226 318 226
323 226 323 226
328 226 329 227
334 226 334 226
339 226 339 226
275 232 275 231
280 232 280 232
291 232 291 232
296 232 296 232
302 232 302 231
307 232 306 232
312 232 311 231
323 232 324 232
328 232 329 232
334 232 334 232
339 232 339 232
344 232 345 232
350 232 350 232
280 237 279 237
286 237 285 237
291 237 291 237
296 237 297 237
302 237 302 237
307 237 307 237
312 237 312 237
318 237 318 237
323 237 324 237
328 237 330 237
334 237 334 237
339 237 339 237
344 237 344 237
355 237 355 237
371 237 372 237
280 242 280 242
286 242 286 243
291 242 292 243
296 242 297 242
302 242 302 242
307 242 307 242
312 242 312 242
318 242 316 242
323 242 323 242
328 242 328 242
334 242 334 241
339 242 339 242
344 242 344 242
355 242 355 243
361 242 361 242
366 242 367 243
377 242 376 242
286 248 286 248
291 248 292 248
296 248 297 248
302 248 302 247
307 248 307 247
312 248 313 247
318 248 317 248
323 248 323 248
339 248 339 246
344 248 344 247
350 248 350 248
355 248 355 248
361 248 361 248
371 248 372 248
377 248 377 248
382 248 382 247
286 253 286 254
296 253 296 253
302 253 301 253
307 253 307 253
312 253 312 253
318 253 317 253
323 253 323 253
339 253 339 252
344 253 344 252
350 253 350 253
361 253 361 253
366 253 366 253
371 253 371 254
377 253 377 253
382 253 382 252
387 253 387 252
393 253 392 253
398 253 398 253
286 258 286 259
296 258 296 259
307 258 307 259
312 258 313 259
318 258 318 259
323 258 323 259
328 258 328 259
339 258 339 258
344 258 344 258
350 258 350 258
361 258 361 258
366 258 366 259
371 258 371 260
377 258 376 260
387 258 388 259
393 258 392 259
398 258 398 258
403 258 403 258
286 264 286 264
307 264 307 264
312 264 313 265
318 264 318 265
323 264 323 265
328 264 328 265
334 264 334 264
339 264 339 263
344 264 344 262
350 264 349 263
361 264 360 264
366 264 366 265
371 264 371 265
377 264 376 265
382 264 381 265
387 264 386 264
393 264 392 263
398 264 398 263
403 264 403 263
409 264 409 263
291 269 291 269
296 269 296 269
302 269 302 269
307 269 308 270
318 269 318 270
323 269 323 270
328 269 328 269
334 269 333 270
339 269 339 270
344 269 344 269
350 269 350 269
361 269 360 270
366 269 366 270
377 269 376 270
387 269 386 270
393 269 391 270
403 269 403 268
409 269 408 268
414 269 414 269
425 269 425 269
296 275 296 275
302 275 302 275
307 275 307 275
312 275 313 275
318 275 318 275
323 275 323 275
328 275 328 274
334 275 333 275
339 275 339 276
344 275 344 275
350 275 350 275
355 275 355 275
366 275 367 275
371 275 372 274
377 275 377 274
387 275 386 275
393 275 392 275
398 275 398 274
414 275 414 275
420 275 419 275
436 275 436 274
296 280 296 280
302 280 302 280
307 280 307 281
312 280 312 281
318 280 318 280
323 280 324 280
328 280 328 280
334 280 333 280
339 280 340 280
344 280 345 280
350 280 351 280
355 280 355 280
366 280 365 280
371 280 372 280
377 280 377 280
382 280 382 280
387 280 387 280
398 280 398 280
403 280 404 280
409 280 408 280
414 280 414 280
420 280 419 280
425 280 425 280
430 280 430 280
436 280 436 280
302 285 302 286
307 285 308 286
312 285 313 286
318 285 319 287
323 285 324 286
328 285 328 285
334 285 334 285
339 285 340 285
344 285 346 286
350 285 351 285
355 285 355 285
361 285 360 285
371 285 371 286
377 285 376 285
382 285 382 286
387 285 388 285
393 285 393 285
398 285 399 285
414 285 414 285
420 285 419 285
425 285 425 285
307 291 307 291
312 291 313 291
318 291 318 291
323 291 323 291
328 291 328 291
334 291 334 290
339 291 340 291
344 291 346 292
350 291 351 292
355 291 356 290
371 291 371 290
393 291 392 291
398 291 398 291
403 291 403 291
409 291 409 290
323 296 323 296
328 296 328 296
334 296 333 296
339 296 340 296
344 296 345 296
350 296 350 297
355 296 356 296
361 296 361 296
366 296 366 296
371 296 372 296
387 296 388 296
393 296 393 296
398 296 398 296
328 301 328 301
334 301 334 301
339 301 340 301
344 301 346 301
350 301 351 302
355 301 356 301
361 301 361 301
366 301 366 301
371 301 372 301
382 301 382 301
339 307 339 307
275 350 275 350
275 355 275 355
275 360 275 360
334 366 334 366
382 366 382 365
334 371 334 371
403 387 404 387
323 392 324 392
398 392 398 392
403 398 404 398
409 398 409 398
312 409 312 408
