269 189 12 219
269 200 14 231
280 200 19 225
280 205 21 232
269 210 8 238
275 210 14 238
280 210 21 237
307 210 27 229
318 210 53 228
269 216 12 244
275 216 17 244
312 216 39 235
318 216 47 235
323 216 67 235
328 216 73 233
323 221 68 241
328 221 74 241
334 221 80 241
275 232 18 255
366 232 140 262
280 237 33 266
291 237 36 266
280 242 32 275
307 242 51 265
312 242 58 265
377 242 153 269
280 248 32 281
291 248 39 279
296 248 45 278
312 248 59 272
361 248 128 282
366 248 146 275
296 253 46 285
355 253 117 291
366 253 134 287
307 258 58 289
361 258 129 294
312 264 66 295
323 264 74 289
328 264 80 288
334 264 86 287
377 264 154 288
409 264 173 277
312 269 67 301
318 269 72 300
328 269 81 295
334 269 88 294
377 269 155 293
387 269 163 293
393 269 172 290
398 269 180 289
403 269 187 288
328 275 82 300
334 275 91 300
339 275 98 299
344 275 104 297
350 275 110 297
371 275 150 300
377 275 155 299
393 275 173 296
398 275 180 295
436 275 203 287
323 280 74 307
328 280 81 306
334 280 91 305
339 280 99 305
366 280 136 308
371 280 150 305
387 280 168 304
393 280 175 302
436 280 208 300
334 285 92 313
339 285 101 312
361 285 132 314
366 285 137 313
371 285 144 313
328 291 76 321
339 291 99 318
355 291 119 316
339 296 99 325
355 296 121 320
361 296 130 319
366 296 137 318
328 301 77 331
350 301 113 330
355 301 126 327
361 301 132 326
366 301 139 324
371 301 151 323
377 301 146 325
334 307 122 336
339 307 128 334
344 307 108 336
280 350 60 410
275 355 54 416
275 360 48 430
334 366 117 417
382 366 168 403
334 371 117 424
387 371 179 411
328 376 107 433
328 387 107 443
409 387 201 426
398 392 194 436
403 392 201 435
398 398 196 446
403 398 202 441
409 398 207 440
312 409 48 419
