1 0 0 0.5504279732704163 
0 1 0 -0.2757447361946106 
0 0 1 -1.497338533401489 
0 0 0 1 

0.9143208265304565 0.1124309897422791 -0.3890712857246399 0.5407623052597046 
-0.0831151157617569 0.9923362135887146 0.09143678098917007 -0.3536392450332642 
0.3963698744773865 -0.05126478523015976 0.9166584014892578 -1.523529410362244 
0 0 0 1 

0.9126759767532349 0.1153286918997765 -0.3920736014842987 0.5457540154457092 
-0.08553913980722427 0.9920146465301514 0.09268209338188171 -0.3552827835083008 
0.399631679058075 -0.05105103924870491 0.9152530431747437 -1.521570444107056 
0 0 0 1 

