259 173 259 173
259 178 259 178
264 178 264 178
264 183 264 184
264 189 265 189
269 189 270 189
264 194 264 194
269 194 269 194
275 194 275 194
269 200 269 199
275 200 274 199
280 200 280 199
269 205 269 204
275 205 275 205
280 205 280 205
286 205 285 205
291 205 291 205
296 205 296 205
269 210 269 210
275 210 275 210
280 210 280 211
286 210 285 210
291 210 291 210
296 210 296 210
302 210 301 210
307 210 307 210
312 210 312 210
318 210 317 210
323 210 322 210
269 216 269 216
280 216 280 214
286 216 285 215
291 216 290 215
296 216 296 215
302 216 302 216
307 216 307 216
312 216 313 216
318 216 316 216
323 216 323 216
328 216 329 216
275 221 274 220
280 221 281 221
286 221 285 221
291 221 291 221
296 221 295 222
302 221 302 221
307 221 307 221
312 221 313 221
318 221 318 221
323 221 323 221
328 221 329 221
334 221 334 221
275 226 274 225
280 226 280 226
286 226 285 226
291 226 291 227
296 226 296 228
302 226 302 227
307 226 307 226
312 226 312 226
318 226 321 226
328 226 329 227
334 226 334 227
339 226 339 226
275 232 274 231
280 232 279 232
286 232 284 231
291 232 290 232
296 232 295 232
302 232 301 232
307 232 307 233
312 232 312 232
318 232 318 231
323 232 324 232
328 232 329 233
334 232 334 232
339 232 339 232
350 232 350 231
355 232 355 232
361 232 361 231
366 232 366 231
286 237 285 238
291 237 291 237
296 237 296 238
302 237 302 238
307 237 307 238
312 237 312 237
318 237 318 237
323 237 324 237
328 237 329 237
334 237 334 237
339 237 339 237
344 237 344 237
350 237 350 236
355 237 355 236
361 237 360 236
366 237 365 237
371 237 372 237
280 242 280 242
286 242 286 243
291 242 291 243
296 242 296 243
302 242 302 242
307 242 307 242
312 242 312 242
318 242 317 242
323 242 324 242
339 242 339 241
344 242 344 242
350 242 349 242
355 242 354 242
361 242 360 242
366 242 365 242
371 242 371 242
377 242 377 242
382 242 381 242
280 248 280 248
286 248 286 248
291 248 291 248
296 248 296 249
302 248 302 248
307 248 307 248
312 248 312 248
318 248 317 248
323 248 323 248
334 248 333 244
344 248 344 247
350 248 349 247
355 248 354 248
361 248 359 247
366 248 364 248
371 248 371 247
377 248 376 247
382 248 381 248
387 248 387 247
393 248 392 248
280 253 280 254
286 253 286 253
291 253 291 253
296 253 296 254
302 253 301 254
307 253 307 254
312 253 312 253
318 253 317 253
323 253 323 253
328 253 327 248
334 253 333 248
339 253 339 253
344 253 345 253
350 253 350 253
355 253 355 254
361 253 359 254
366 253 364 254
371 253 369 254
377 253 376 253
382 253 382 253
387 253 388 253
393 253 393 253
398 253 398 253
286 258 285 259
291 258 291 259
296 258 296 259
302 258 301 260
307 258 307 259
312 258 313 259
318 258 317 259
323 258 323 259
328 258 328 259
334 258 334 258
339 258 339 258
344 258 345 258
350 258 350 259
355 258 355 258
361 258 360 259
366 258 365 259
371 258 370 259
377 258 376 258
382 258 381 259
387 258 387 259
393 258 392 259
398 258 398 258
403 258 403 258
286 264 286 264
291 264 291 264
296 264 296 264
302 264 301 265
307 264 308 265
312 264 313 265
318 264 318 265
323 264 323 265
328 264 329 265
334 264 334 264
344 264 344 263
350 264 350 264
355 264 355 264
361 264 360 265
366 264 365 264
371 264 370 264
377 264 376 264
387 264 381 265
393 264 392 263
398 264 398 264
403 264 403 264
409 264 409 264
414 264 414 264
420 264 419 264
291 269 291 270
296 269 296 270
302 269 302 270
307 269 308 271
312 269 312 270
318 269 318 270
323 269 323 270
328 269 328 270
334 269 333 270
339 269 339 269
344 269 344 269
350 269 350 269
355 269 355 269
361 269 360 270
366 269 366 270
371 269 371 270
377 269 376 270
387 269 380 271
393 269 392 269
398 269 398 268
403 269 404 268
409 269 409 269
414 269 414 269
420 269 420 269
425 269 425 269
296 275 296 275
302 275 302 276
307 275 307 275
312 275 312 275
318 275 318 275
323 275 323 275
328 275 328 275
334 275 333 275
339 275 339 274
344 275 344 274
350 275 350 275
355 275 355 275
361 275 360 275
366 275 367 275
371 275 371 275
377 275 377 275
393 275 392 275
398 275 397 275
403 275 403 274
409 275 409 274
414 275 414 275
420 275 419 275
425 275 424 275
430 275 430 274
436 275 436 274
296 280 295 280
302 280 301 280
307 280 307 280
312 280 312 280
318 280 318 280
323 280 323 280
328 280 328 280
334 280 334 280
339 280 339 280
344 280 345 280
350 280 351 280
355 280 355 280
366 280 366 280
371 280 371 280
377 280 376 281
387 280 383 281
393 280 388 281
398 280 396 281
403 280 403 280
409 280 409 280
414 280 413 280
420 280 419 280
425 280 425 280
430 280 430 280
436 280 435 280
302 285 302 286
307 285 307 286
312 285 313 286
318 285 319 286
323 285 324 285
328 285 329 285
334 285 334 285
339 285 340 285
344 285 344 285
350 285 351 285
355 285 356 285
361 285 360 285
366 285 365 286
371 285 371 286
377 285 376 286
382 285 381 286
387 285 386 286
393 285 392 285
398 285 398 285
403 285 404 285
409 285 409 285
414 285 414 285
420 285 419 285
425 285 425 285
307 291 307 291
312 291 313 291
318 291 318 291
328 291 329 291
334 291 334 291
339 291 340 291
344 291 345 291
350 291 350 291
355 291 355 291
361 291 361 290
371 291 370 291
377 291 375 291
382 291 382 291
393 291 392 290
398 291 397 291
403 291 403 291
409 291 408 290
318 296 317 296
323 296 323 296
328 296 329 297
334 296 334 297
339 296 339 296
344 296 345 296
350 296 350 296
355 296 355 296
361 296 361 296
366 296 366 296
382 296 382 296
387 296 388 296
393 296 393 296
398 296 398 296
328 301 328 301
334 301 334 302
339 301 339 302
344 301 344 301
350 301 350 301
355 301 355 301
361 301 361 301
366 301 366 301
371 301 372 301
377 301 377 301
382 301 382 301
334 307 334 307
339 307 339 307
344 307 345 307
350 307 350 307
334 312 334 312
339 312 339 312
344 312 345 312
275 350 275 350
280 350 280 350
275 355 275 355
275 360 275 360
334 366 334 366
382 366 382 366
387 366 387 366
334 371 334 371
387 371 388 371
328 376 328 376
334 376 334 376
398 376 398 376
328 382 328 382
403 382 403 382
328 387 329 387
409 387 409 387
323 392 323 392
398 392 398 392
403 392 404 393
409 392 409 393
398 398 398 398
403 398 403 398
409 398 409 398
318 403 318 403
403 403 404 404
312 409 312 408
318 409 318 409
312 414 312 414
318 414 318 414
