280 200 19 225
307 210 43 230
312 210 48 229
318 210 55 228
323 210 66 228
307 216 31 236
312 216 49 236
318 216 55 235
323 216 67 234
328 216 71 234
318 221 56 239
323 221 67 241
328 221 73 241
334 221 78 241
318 226 54 247
323 226 66 246
328 226 73 247
334 226 79 246
323 232 66 252
350 232 131 264
318 237 56 258
323 237 67 259
350 237 119 272
366 237 143 265
371 237 149 265
296 242 37 264
302 242 43 265
307 242 49 265
312 242 54 266
318 242 60 266
323 242 67 265
350 242 119 277
366 242 143 271
371 242 150 270
312 248 62 272
318 248 68 272
323 248 74 272
328 248 78 271
366 248 138 278
371 248 144 277
280 253 33 289
286 253 36 289
312 253 65 281
323 253 74 278
366 253 137 284
371 253 142 282
307 258 60 290
312 258 65 288
323 258 78 285
344 258 97 271
366 258 136 289
371 258 142 287
344 264 97 277
366 264 136 295
393 264 178 282
318 269 73 300
377 269 150 294
382 269 156 295
387 269 162 295
393 269 178 288
403 269 172 282
328 275 85 300
339 275 101 302
350 275 113 299
371 275 145 300
377 275 150 300
382 275 155 301
387 275 160 301
393 275 165 299
436 275 202 287
328 280 85 307
339 280 101 307
344 280 108 306
361 280 131 310
366 280 136 307
371 280 144 306
377 280 149 307
393 280 167 307
339 285 100 312
344 285 107 312
355 285 120 311
366 285 137 312
307 291 61 324
339 291 100 319
350 291 107 317
361 291 131 317
339 296 98 325
344 296 108 324
377 296 144 318
382 296 150 318
393 296 162 312
328 301 83 334
339 301 98 331
350 301 106 330
355 301 115 329
361 301 131 325
366 301 138 324
371 301 150 324
377 301 155 323
350 307 107 336
275 355 54 416
275 360 48 425
371 360 167 406
377 360 162 399
334 366 116 418
382 366 173 406
334 371 114 425
387 371 179 411
334 376 114 434
328 382 107 441
328 387 115 431
403 387 201 429
409 387 202 425
398 392 195 437
403 392 201 436
398 398 195 442
403 398 201 443
409 398 207 444
403 403 201 449
