234 175 13 223
234 181 14 229
239 198 18 249
245 198 25 248
239 204 19 256
257 210 83 259
345 210 129 263
357 210 156 270
345 216 130 269
351 216 136 267
357 216 143 266
245 222 26 269
304 222 152 297
345 222 130 274
351 222 136 273
245 228 26 275
333 234 133 280
322 257 142 300
322 263 142 305
392 269 210 289
281 275 71 309
286 281 81 332
357 281 186 302
363 281 193 303
381 281 205 296
386 281 210 295
398 281 218 294
345 287 119 333
351 287 124 333
351 293 128 340
245 357 46 422
245 363 47 433
