234 140 234 139
228 146 228 145
239 146 239 146
222 151 221 152
228 151 228 151
234 151 233 152
239 151 239 152
245 151 245 152
228 157 228 157
239 157 240 158
245 157 245 158
222 163 222 163
228 163 228 163
245 163 245 164
228 169 228 169
245 169 245 169
228 175 228 175
234 175 234 175
228 181 228 181
234 181 234 181
239 181 239 181
245 181 245 181
251 181 251 180
234 187 234 187
239 187 240 187
245 187 245 187
251 187 251 187
239 193 239 194
245 193 245 193
251 193 251 192
245 198 245 199
251 198 252 199
257 198 257 199
239 204 240 205
245 204 245 204
251 204 252 204
257 204 256 203
245 210 246 211
251 210 252 212
257 210 257 211
275 210 274 210
281 210 280 210
292 210 292 210
298 210 298 210
304 210 304 210
310 210 310 210
316 210 316 211
322 210 322 210
339 210 339 210
345 210 345 210
351 210 351 210
357 210 357 210
245 216 245 217
251 216 252 218
257 216 257 218
263 216 263 217
281 216 280 216
286 216 286 216
292 216 292 215
298 216 298 215
304 216 304 215
310 216 309 216
316 216 314 216
322 216 321 216
345 216 345 216
363 216 363 217
251 222 251 224
257 222 257 223
263 222 263 222
281 222 280 222
286 222 286 222
292 222 292 222
298 222 298 221
304 222 304 221
310 222 309 222
316 222 315 222
322 222 322 222
328 222 327 222
345 222 344 223
351 222 351 223
357 222 358 222
363 222 363 223
245 228 245 229
251 228 251 229
257 228 257 229
263 228 263 229
269 228 269 228
281 228 280 229
286 228 287 228
292 228 292 228
298 228 298 227
304 228 304 228
310 228 310 228
316 228 316 228
322 228 321 228
328 228 328 227
345 228 345 228
357 228 357 228
363 228 364 228
257 234 257 235
263 234 262 235
269 234 269 234
275 234 275 234
281 234 280 234
292 234 293 234
298 234 298 234
304 234 305 234
322 234 322 234
328 234 327 233
333 234 332 234
345 234 345 233
357 234 357 233
363 234 364 233
251 240 251 240
257 240 257 241
263 240 263 241
269 240 269 241
275 240 275 240
281 240 281 240
286 240 286 240
292 240 292 240
298 240 297 239
304 240 304 239
310 240 310 240
316 240 316 240
322 240 322 240
328 240 327 240
351 240 351 238
363 240 364 240
369 240 368 240
375 240 375 240
251 245 251 246
257 245 257 246
263 245 264 247
269 245 270 247
275 245 275 246
281 245 281 246
286 245 287 245
292 245 291 246
298 245 297 245
304 245 302 246
310 245 311 246
316 245 316 245
322 245 322 245
328 245 327 245
363 245 362 245
369 245 368 245
375 245 374 245
257 251 257 252
263 251 264 253
269 251 269 252
275 251 275 252
286 251 287 252
298 251 298 252
304 251 303 252
310 251 311 252
316 251 317 251
322 251 322 251
328 251 328 251
381 251 380 251
257 257 257 257
269 257 270 259
275 257 275 258
281 257 281 258
286 257 286 258
292 257 292 259
298 257 298 259
304 257 304 257
310 257 311 257
316 257 317 257
322 257 323 257
381 257 381 258
263 263 263 264
269 263 269 264
275 263 274 263
281 263 280 263
292 263 292 264
298 263 298 264
304 263 304 263
310 263 310 262
316 263 316 263
322 263 322 263
345 263 346 264
351 263 351 264
369 263 369 264
386 263 386 263
269 269 268 269
275 269 274 268
281 269 280 268
286 269 287 269
292 269 292 269
298 269 298 269
304 269 304 268
310 269 310 269
316 269 316 270
345 269 345 269
351 269 351 269
357 269 356 269
363 269 363 269
369 269 369 270
375 269 375 270
381 269 381 269
386 269 386 269
392 269 392 269
275 275 274 274
281 275 280 274
286 275 287 275
304 275 304 275
310 275 310 275
316 275 316 275
322 275 322 276
339 275 339 275
345 275 345 274
351 275 351 275
357 275 357 275
363 275 363 275
369 275 369 275
375 275 375 275
381 275 381 274
386 275 387 274
392 275 392 275
398 275 398 275
281 281 280 281
286 281 286 281
292 281 292 281
298 281 297 281
304 281 304 281
328 281 328 281
333 281 333 281
339 281 340 281
345 281 346 281
351 281 351 281
357 281 357 281
363 281 363 281
369 281 369 281
375 281 375 280
381 281 381 281
386 281 386 281
392 281 392 281
398 281 398 281
304 287 304 287
316 287 316 287
322 287 322 287
328 287 327 287
333 287 333 286
339 287 340 286
345 287 345 287
351 287 351 287
357 287 357 287
363 287 363 287
245 357 245 357
251 357 251 357
386 357 386 357
392 357 392 357
316 387 316 387
