259 173 259 173
259 178 259 178
264 178 264 178
264 183 264 183
264 189 264 189
269 189 270 189
264 194 264 194
269 194 269 194
275 194 275 194
269 200 269 199
275 200 275 200
280 200 280 199
269 205 270 205
275 205 275 205
280 205 281 205
286 205 285 205
291 205 290 205
296 205 296 205
269 210 269 211
275 210 275 211
280 210 280 211
286 210 285 210
291 210 291 210
296 210 297 210
302 210 302 210
307 210 307 210
312 210 312 210
318 210 317 210
323 210 323 210
269 216 270 216
280 216 280 215
286 216 286 216
291 216 291 216
296 216 295 215
302 216 301 215
312 216 313 216
318 216 318 216
323 216 323 216
328 216 329 216
275 221 274 220
280 221 280 221
286 221 284 221
291 221 291 221
296 221 296 221
302 221 302 221
307 221 308 221
312 221 313 221
318 221 318 222
323 221 323 221
328 221 328 221
334 221 334 221
275 226 275 226
280 226 280 226
286 226 285 227
291 226 290 227
296 226 296 226
302 226 302 226
307 226 308 227
312 226 313 227
318 226 317 227
323 226 323 227
328 226 328 227
334 226 334 226
339 226 339 226
275 232 275 231
280 232 279 232
286 232 284 232
291 232 291 231
296 232 296 231
302 232 301 231
307 232 306 232
312 232 311 230
318 232 322 232
323 232 327 232
334 232 333 232
339 232 339 232
344 232 344 231
350 232 350 231
355 232 355 232
361 232 361 231
366 232 366 232
275 237 275 237
291 237 291 236
296 237 297 236
302 237 302 237
307 237 307 237
312 237 312 236
318 237 322 236
323 237 326 237
334 237 334 238
339 237 339 238
344 237 344 237
350 237 350 237
355 237 355 238
361 237 361 238
366 237 366 237
371 237 372 237
280 242 280 242
291 242 291 242
296 242 297 242
302 242 302 242
307 242 307 243
312 242 312 241
318 242 322 241
328 242 329 242
334 242 335 242
339 242 339 242
344 242 345 242
350 242 350 242
355 242 355 242
361 242 361 243
366 242 366 243
371 242 371 243
377 242 376 243
382 242 382 242
280 248 280 248
286 248 285 247
291 248 291 247
302 248 302 248
307 248 306 248
312 248 312 247
318 248 317 248
323 248 323 248
328 248 328 247
334 248 335 246
339 248 339 246
344 248 345 247
350 248 350 248
355 248 355 248
361 248 361 248
366 248 367 247
371 248 372 247
377 248 377 247
382 248 382 248
387 248 388 248
280 253 280 254
286 253 286 253
291 253 292 253
296 253 300 257
307 253 306 253
312 253 312 253
318 253 317 253
323 253 322 253
328 253 328 252
334 253 334 251
339 253 339 251
344 253 344 251
350 253 350 253
355 253 355 253
361 253 361 253
366 253 366 253
371 253 372 252
377 253 377 252
382 253 382 252
387 253 387 252
393 253 393 253
398 253 398 253
286 258 286 259
291 258 291 258
296 258 296 258
307 258 307 259
312 258 313 259
318 258 318 258
323 258 323 259
328 258 328 258
334 258 333 258
339 258 338 257
344 258 343 256
350 258 350 257
355 258 355 258
361 258 361 258
366 258 366 258
371 258 370 259
387 258 388 258
393 258 393 259
398 258 398 259
403 258 403 258
286 264 286 264
291 264 291 264
296 264 296 264
302 264 301 264
307 264 307 264
312 264 313 264
318 264 318 264
323 264 323 264
328 264 328 264
334 264 334 264
339 264 339 263
344 264 343 262
350 264 348 263
355 264 355 263
361 264 361 263
366 264 366 264
371 264 370 264
387 264 387 264
393 264 392 264
398 264 398 264
403 264 403 263
409 264 408 264
414 264 414 264
291 269 291 270
296 269 296 270
302 269 302 270
307 269 308 270
312 269 313 270
318 269 318 269
323 269 323 269
328 269 328 269
334 269 334 269
339 269 339 269
344 269 344 269
350 269 349 269
355 269 355 269
361 269 361 269
366 269 366 269
371 269 371 269
377 269 376 270
398 269 398 269
403 269 403 268
409 269 408 269
414 269 413 270
420 269 419 269
425 269 424 269
296 275 296 275
302 275 302 275
307 275 308 275
312 275 312 275
318 275 317 275
323 275 323 275
328 275 328 274
334 275 333 275
339 275 338 275
344 275 345 275
350 275 349 275
355 275 355 274
361 275 361 275
366 275 366 275
371 275 372 275
377 275 377 274
409 275 408 274
414 275 412 275
420 275 418 275
425 275 424 275
430 275 431 274
436 275 436 274
296 280 296 280
302 280 302 280
307 280 307 280
312 280 312 280
318 280 318 280
323 280 323 280
328 280 328 280
334 280 333 280
339 280 338 280
344 280 344 281
350 280 350 280
355 280 355 280
366 280 366 280
371 280 371 280
377 280 377 279
393 280 387 281
398 280 398 280
403 280 404 280
409 280 408 280
414 280 413 280
420 280 418 280
425 280 424 280
430 280 430 280
436 280 436 280
302 285 302 286
307 285 307 285
312 285 312 285
318 285 319 285
323 285 324 286
328 285 328 285
334 285 334 286
339 285 340 286
344 285 345 286
350 285 350 285
355 285 355 285
361 285 360 285
366 285 366 285
371 285 371 285
377 285 377 285
382 285 382 285
387 285 387 285
393 285 392 285
398 285 398 285
403 285 404 285
409 285 409 285
414 285 414 285
420 285 419 285
425 285 425 285
307 291 307 290
312 291 312 291
318 291 319 291
323 291 323 291
328 291 328 291
334 291 334 291
339 291 340 291
344 291 345 291
350 291 350 290
355 291 355 289
361 291 359 290
371 291 371 291
377 291 377 290
387 291 387 290
393 291 392 291
398 291 398 291
403 291 403 291
409 291 408 290
318 296 318 296
323 296 323 296
328 296 328 296
334 296 334 296
339 296 339 296
344 296 344 296
350 296 349 296
355 296 354 295
361 296 360 295
366 296 366 296
371 296 371 296
377 296 376 296
382 296 382 296
387 296 388 296
393 296 393 296
398 296 398 296
328 301 328 301
334 301 333 301
339 301 339 302
344 301 344 301
350 301 349 301
355 301 355 301
361 301 361 301
366 301 366 301
371 301 372 301
377 301 377 301
382 301 382 301
334 307 334 307
339 307 339 307
344 307 345 307
350 307 350 307
334 312 334 312
339 312 339 312
344 312 344 312
275 350 275 350
280 350 280 350
275 355 275 355
275 360 275 360
382 366 381 365
387 366 387 366
334 371 334 371
387 371 388 372
393 371 393 371
328 376 328 376
334 376 334 376
328 382 329 382
328 387 329 387
403 387 404 387
409 387 409 387
323 392 323 392
398 392 398 393
403 392 404 392
409 392 409 393
323 398 323 398
398 398 398 398
403 398 403 398
409 398 409 398
318 403 318 403
398 403 398 403
403 403 404 403
312 409 312 409
318 409 318 409
312 414 313 414
318 414 318 414
