259 173 259 173
259 178 259 178
264 178 264 178
264 183 264 183
264 189 264 189
269 189 270 189
264 194 264 194
269 194 270 194
275 194 275 195
269 200 270 200
275 200 275 200
280 200 280 200
269 205 269 205
275 205 275 205
280 205 281 205
286 205 285 205
291 205 290 205
296 205 296 205
269 210 269 210
275 210 275 211
280 210 280 210
286 210 285 211
291 210 290 210
296 210 296 210
302 210 302 210
307 210 307 210
312 210 312 210
318 210 317 210
323 210 323 210
269 216 270 216
280 216 280 215
286 216 285 216
291 216 290 215
296 216 295 215
302 216 301 215
307 216 307 215
312 216 313 216
318 216 317 216
323 216 323 216
328 216 328 216
280 221 281 222
286 221 285 221
291 221 291 222
296 221 296 222
302 221 301 222
307 221 307 221
312 221 312 222
318 221 317 221
323 221 323 221
328 221 329 221
334 221 334 221
275 226 275 226
280 226 281 226
286 226 286 226
291 226 291 228
296 226 296 228
302 226 302 227
307 226 307 227
312 226 312 227
318 226 317 227
323 226 323 227
328 226 329 226
334 226 334 226
339 226 339 226
275 232 275 232
280 232 280 232
286 232 286 232
296 232 296 231
302 232 301 231
307 232 307 232
312 232 312 232
318 232 318 232
323 232 324 232
328 232 330 232
334 232 334 232
339 232 339 232
344 232 344 232
355 232 356 232
361 232 361 232
366 232 365 231
275 237 275 237
286 237 286 238
291 237 291 237
296 237 297 237
302 237 301 237
307 237 308 237
312 237 313 237
318 237 318 237
323 237 324 237
328 237 329 237
334 237 333 237
339 237 339 237
344 237 345 237
350 237 350 238
355 237 355 238
361 237 360 237
366 237 366 236
371 237 372 237
280 242 280 242
286 242 285 242
291 242 291 243
296 242 297 243
302 242 302 243
307 242 307 243
312 242 313 242
318 242 318 242
323 242 323 242
328 242 328 243
334 242 333 243
339 242 339 244
344 242 345 243
350 242 350 243
355 242 355 243
361 242 360 242
366 242 366 243
371 242 371 243
377 242 376 243
382 242 382 242
280 248 280 247
286 248 285 247
291 248 290 247
296 248 297 248
302 248 302 248
307 248 307 248
312 248 312 248
318 248 318 248
323 248 323 248
328 248 328 248
334 248 333 248
339 248 340 249
344 248 345 248
355 248 355 247
361 248 361 247
366 248 366 247
371 248 371 248
377 248 376 249
382 248 382 248
387 248 388 248
280 253 280 253
286 253 285 252
291 253 291 253
296 253 297 253
302 253 303 254
307 253 307 253
312 253 312 253
318 253 318 254
323 253 323 254
328 253 328 253
334 253 334 254
339 253 339 253
344 253 344 253
350 253 350 254
355 253 355 254
361 253 361 252
366 253 366 252
371 253 372 253
377 253 378 253
382 253 383 254
387 253 388 253
393 253 392 253
398 253 397 253
286 258 285 258
291 258 291 259
296 258 296 259
302 258 302 258
307 258 308 259
312 258 312 258
318 258 317 258
323 258 323 259
328 258 328 259
334 258 334 259
339 258 339 259
344 258 344 257
350 258 350 258
355 258 355 258
361 258 361 258
366 258 366 257
371 258 372 258
377 258 378 257
382 258 383 259
387 258 388 259
393 258 392 259
398 258 398 259
403 258 403 259
286 264 285 264
291 264 291 265
296 264 296 264
302 264 302 264
307 264 308 265
312 264 312 265
318 264 318 264
323 264 323 264
328 264 329 264
334 264 334 264
339 264 340 264
344 264 345 264
350 264 350 264
355 264 355 263
366 264 366 263
371 264 372 262
377 264 377 263
382 264 383 264
387 264 388 264
393 264 392 264
398 264 397 264
403 264 403 263
409 264 408 264
414 264 414 264
291 269 291 270
296 269 296 269
302 269 301 269
307 269 307 270
312 269 312 269
318 269 318 269
323 269 323 270
328 269 329 269
334 269 334 269
339 269 340 269
344 269 345 269
350 269 350 270
355 269 355 271
361 269 361 270
366 269 366 268
371 269 371 268
377 269 377 268
382 269 382 268
387 269 387 270
393 269 392 269
398 269 398 269
403 269 403 268
409 269 408 269
414 269 414 269
420 269 420 270
425 269 425 269
296 275 296 275
302 275 302 275
307 275 307 275
312 275 312 274
318 275 317 275
323 275 323 274
328 275 328 275
334 275 334 275
339 275 340 275
344 275 345 275
350 275 350 276
355 275 355 275
361 275 361 275
366 275 366 275
371 275 372 274
377 275 377 274
382 275 382 274
387 275 387 275
393 275 392 275
398 275 398 275
403 275 403 274
409 275 408 274
414 275 413 274
420 275 419 274
425 275 425 274
430 275 430 275
436 275 435 274
296 280 297 280
302 280 302 280
307 280 307 280
312 280 312 280
318 280 318 280
323 280 323 280
328 280 328 280
334 280 334 280
339 280 340 280
344 280 344 281
350 280 350 281
355 280 355 280
366 280 366 280
371 280 372 279
377 280 376 280
382 280 382 280
387 280 387 280
393 280 393 280
398 280 398 280
403 280 403 280
409 280 408 280
414 280 413 280
420 280 420 280
425 280 425 280
430 280 430 280
436 280 436 280
302 285 302 286
307 285 307 286
312 285 312 285
318 285 318 286
323 285 324 286
328 285 328 285
334 285 334 285
339 285 340 286
344 285 344 286
350 285 350 286
355 285 355 285
361 285 360 286
366 285 366 285
371 285 371 285
377 285 377 285
382 285 382 285
387 285 387 285
393 285 393 285
398 285 398 285
403 285 404 285
409 285 409 285
414 285 414 285
420 285 419 285
425 285 425 285
307 291 307 290
312 291 311 291
318 291 318 291
323 291 322 290
328 291 328 291
334 291 333 291
339 291 339 291
344 291 345 291
350 291 349 291
355 291 355 290
361 291 360 290
371 291 370 290
377 291 376 290
393 291 393 290
398 291 398 290
403 291 403 291
409 291 409 291
318 296 317 296
323 296 321 296
328 296 328 296
334 296 333 296
339 296 338 296
344 296 344 296
350 296 350 296
355 296 355 296
361 296 360 296
366 296 366 296
371 296 371 296
382 296 381 296
387 296 388 296
393 296 393 296
398 296 398 296
328 301 328 301
334 301 333 301
339 301 339 302
344 301 344 301
350 301 349 301
355 301 355 302
361 301 360 301
366 301 366 301
371 301 371 301
377 301 376 301
382 301 382 301
334 307 334 307
339 307 339 307
344 307 344 307
350 307 350 307
334 312 334 312
339 312 339 312
344 312 344 312
350 312 350 312
275 350 275 350
280 350 280 350
275 355 275 355
275 360 275 360
382 366 382 365
387 366 387 366
334 371 334 371
387 371 387 371
393 371 392 371
328 376 328 377
328 382 329 382
328 387 329 387
403 387 404 387
409 387 409 387
323 392 323 393
398 392 398 393
403 392 403 392
409 392 409 392
398 398 398 398
403 398 403 398
409 398 409 398
318 403 318 403
398 403 398 403
403 403 404 403
312 409 312 409
318 409 318 409
312 414 313 414
318 414 318 414
