280 200 15 225
275 205 10 232
280 205 22 231
286 205 27 230
269 210 9 238
275 210 15 238
280 210 22 237
286 210 29 237
296 210 41 233
318 210 58 228
269 216 12 244
280 216 23 244
286 216 29 242
291 216 36 241
323 216 67 235
275 221 18 249
286 221 30 249
312 221 55 241
318 221 61 241
323 221 68 242
328 221 74 241
334 221 79 241
302 226 44 249
350 232 118 266
280 242 32 275
296 242 43 266
307 242 51 265
318 242 64 265
377 242 153 268
280 248 31 282
291 248 40 279
296 248 43 272
302 248 51 271
312 248 60 272
318 248 65 271
334 248 82 269
366 248 141 277
371 248 151 274
328 253 77 277
334 253 84 276
398 253 178 278
312 258 59 284
318 258 65 283
328 258 79 282
344 258 103 279
323 264 73 289
328 264 78 289
334 264 85 288
377 264 154 287
334 269 86 294
339 269 96 292
350 269 109 291
361 269 124 302
366 269 130 301
377 269 155 293
398 269 180 289
339 275 99 298
344 275 104 297
350 275 110 297
371 275 150 299
377 275 155 299
436 275 205 288
328 280 85 307
334 280 93 305
339 280 99 305
371 280 150 304
377 280 155 304
387 280 161 305
334 285 93 313
339 285 100 312
382 285 151 313
307 291 64 326
328 291 88 322
339 291 100 319
344 296 107 324
355 296 113 323
371 296 139 318
377 296 145 318
328 301 96 334
350 301 106 330
355 301 126 327
361 301 132 325
371 301 139 325
377 301 146 325
344 307 108 336
280 350 59 410
275 355 53 416
275 360 54 423
382 366 167 403
334 371 116 417
387 371 180 411
334 376 118 423
328 387 115 431
409 387 201 426
398 392 195 439
403 392 201 435
398 398 196 446
403 398 201 441
403 403 203 447
