269 200 15 231
280 200 19 225
275 205 10 232
280 205 21 231
269 210 9 238
275 210 15 239
280 210 22 237
312 210 40 229
318 210 53 229
323 210 60 228
318 216 47 234
323 216 55 234
328 216 71 233
312 221 40 242
323 221 67 242
328 221 72 239
275 226 17 250
334 226 79 243
275 232 19 256
328 232 73 250
334 232 80 251
366 232 144 263
328 237 73 257
334 237 80 257
280 242 32 275
318 242 61 264
323 242 67 263
344 242 108 278
350 242 116 276
377 242 152 269
291 248 40 280
312 248 57 272
318 248 70 270
323 248 76 270
366 248 147 274
280 253 34 291
291 253 41 286
296 253 46 285
323 253 76 277
398 253 179 278
291 258 41 292
296 258 46 291
323 258 73 283
339 258 76 263
387 258 172 284
318 264 67 291
323 264 73 289
328 264 78 289
334 264 84 287
339 264 90 286
387 264 167 286
393 264 179 285
318 269 67 296
323 269 74 295
334 269 85 294
339 269 90 293
371 269 149 293
377 269 154 293
382 269 162 292
387 269 168 290
393 269 178 289
339 275 91 299
344 275 98 298
350 275 110 297
366 275 144 299
371 275 150 298
377 275 155 299
430 275 198 288
436 275 203 287
302 280 63 316
361 280 131 308
366 280 144 305
371 280 150 304
377 280 156 304
387 280 174 297
430 280 193 294
436 280 200 293
361 285 132 313
366 285 138 313
387 285 177 304
307 291 63 326
339 291 101 319
350 291 112 316
355 291 118 315
344 296 107 323
350 296 112 322
355 296 119 321
361 296 130 319
366 296 136 318
328 301 77 333
339 301 100 331
344 301 108 329
350 301 114 329
355 301 127 326
361 301 133 324
371 301 139 325
377 301 146 324
339 312 123 339
350 312 129 339
280 350 59 410
275 355 53 416
275 360 54 423
334 371 117 424
387 371 180 411
328 376 107 434
403 387 200 427
398 392 195 436
403 392 201 434
398 398 196 446
403 398 201 442
409 398 207 440
312 409 47 420
