1 0 0 0.5504279732704163 
0 1 0 -0.2757447361946106 
0 0 1 -1.497338533401489 
0 0 0 1 

0.9150873422622681 0.1145918592810631 -0.386631190776825 0.5356124639511108 
-0.08442763239145279 0.9919688105583191 0.09417982399463654 -0.3576282560825348 
0.3943183422088623 -0.05354036390781403 0.9174128174781799 -1.524737477302551 
0 0 0 1 

0.9141124486923218 0.1158717572689056 -0.3885518312454224 0.5381786227226257 
-0.08635486662387848 0.9919467568397522 0.09265321493148804 -0.3548908829689026 
0.3961584568023682 -0.0511421300470829 0.9167566895484924 -1.523213148117065 
0 0 0 1 

