1 0 0 0.5504279732704163 
0 1 0 -0.2757447361946106 
0 0 1 -1.497338533401489 
0 0 0 1 

0.9158576130867004 0.1134666278958321 -0.3851363658905029 0.5332350134849548 
-0.08383231610059738 0.9921359419822693 0.09294324368238449 -0.3558000028133392 
0.3926535844802856 -0.0528358593583107 0.9181674122810364 -1.525652289390564 
0 0 0 1 

0.9132190346717834 0.1176451817154884 -0.390115886926651 0.5407101511955261 
-0.08722222596406937 0.991661012172699 0.09487207233905792 -0.3585159182548523 
0.3980239629745483 -0.05261214077472687 0.9158649444580078 -1.521976232528687 
0 0 0 1 

