234 134 233 134
228 140 228 140
234 140 233 140
239 140 239 139
228 146 227 145
234 146 234 145
239 146 239 145
222 151 222 151
228 151 227 152
234 151 233 151
239 151 239 150
245 151 245 151
222 157 222 157
228 157 228 158
234 157 233 157
239 157 239 155
245 157 245 156
222 163 222 163
228 163 228 163
239 163 238 162
245 163 245 163
228 169 228 169
234 169 233 169
245 169 245 168
251 169 251 169
228 175 228 175
234 175 233 175
239 175 239 175
251 175 251 175
228 181 228 181
234 181 234 181
239 181 239 181
245 181 245 181
234 187 234 187
239 187 240 187
245 187 245 187
251 187 251 187
234 193 233 193
239 193 239 193
245 193 245 192
251 193 251 192
257 193 257 192
239 198 239 199
245 198 246 199
251 198 252 199
257 198 256 198
239 204 239 205
245 204 246 205
251 204 251 205
257 204 257 204
263 204 263 204
269 204 269 204
275 204 275 205
239 210 239 210
245 210 245 211
251 210 252 211
257 210 257 211
263 210 263 210
269 210 269 211
275 210 276 211
281 210 281 210
286 210 287 210
292 210 293 210
298 210 299 210
304 210 305 210
310 210 311 210
316 210 316 210
322 210 322 210
328 210 328 210
333 210 334 210
339 210 340 210
345 210 346 210
351 210 351 210
357 210 357 210
245 216 245 216
251 216 251 216
257 216 257 217
263 216 264 217
269 216 269 216
275 216 274 216
281 216 280 216
286 216 287 216
292 216 293 215
298 216 298 216
304 216 305 216
310 216 311 216
316 216 316 216
322 216 321 216
328 216 328 216
333 216 334 215
339 216 340 216
345 216 346 216
351 216 351 216
357 216 356 216
363 216 363 216
245 222 245 222
251 222 251 222
257 222 257 222
263 222 264 223
269 222 269 223
275 222 275 223
281 222 281 223
286 222 286 223
292 222 293 222
298 222 298 221
304 222 305 221
310 222 311 222
316 222 323 221
339 222 340 221
345 222 345 222
351 222 352 222
357 222 357 222
363 222 363 222
245 228 245 227
251 228 251 229
257 228 257 230
263 228 263 229
269 228 269 228
275 228 274 228
281 228 280 228
286 228 286 229
292 228 292 228
298 228 299 228
304 228 305 227
310 228 311 227
316 228 323 227
322 228 329 227
328 228 334 228
339 228 340 227
345 228 346 228
351 228 353 228
357 228 358 227
363 228 363 227
369 228 369 228
257 234 257 236
263 234 262 235
269 234 269 234
275 234 275 234
281 234 280 235
286 234 286 234
292 234 292 233
298 234 298 233
304 234 304 233
310 234 311 233
316 234 322 233
322 234 328 233
328 234 334 233
333 234 339 233
345 234 347 234
351 234 353 233
357 234 358 232
363 234 364 233
369 234 370 234
251 240 252 240
257 240 257 241
263 240 264 241
269 240 270 240
275 240 275 240
281 240 280 240
286 240 286 240
292 240 292 239
298 240 297 239
304 240 304 239
310 240 311 239
316 240 316 239
328 240 333 238
339 240 340 239
345 240 347 239
351 240 353 238
357 240 358 239
369 240 370 240
375 240 375 240
251 245 251 246
257 245 257 246
263 245 263 247
269 245 269 246
275 245 275 245
286 245 286 246
292 245 291 246
298 245 297 245
304 245 303 245
310 245 310 245
316 245 316 245
322 245 323 245
328 245 329 244
333 245 335 245
339 245 340 245
345 245 347 245
351 245 352 245
357 245 364 244
369 245 369 246
375 245 375 245
251 251 251 251
257 251 258 253
263 251 263 252
269 251 268 252
275 251 275 252
286 251 286 252
292 251 292 251
298 251 297 251
304 251 304 250
310 251 310 250
316 251 316 250
322 251 321 251
328 251 328 251
333 251 334 252
339 251 340 251
345 251 346 251
351 251 352 252
357 251 359 252
363 251 368 251
375 251 375 251
381 251 380 251
257 257 257 257
263 257 263 258
269 257 269 258
275 257 275 257
281 257 281 258
286 257 286 258
292 257 292 258
298 257 299 257
304 257 304 256
316 257 310 258
322 257 322 257
328 257 327 257
333 257 333 258
339 257 339 258
345 257 346 258
351 257 352 258
357 257 358 258
363 257 364 257
369 257 371 258
375 257 375 258
381 257 381 258
386 257 387 257
263 263 263 263
269 263 270 264
275 263 275 263
281 263 281 264
292 263 292 264
298 263 299 263
304 263 304 263
310 263 310 262
316 263 316 262
322 263 322 262
328 263 327 262
333 263 333 263
339 263 339 263
345 263 346 264
351 263 352 264
357 263 358 264
363 263 364 264
369 263 370 263
375 263 376 264
381 263 381 264
386 263 387 264
269 269 269 269
275 269 275 271
281 269 281 270
286 269 287 270
292 269 292 269
298 269 297 269
304 269 304 269
310 269 310 268
316 269 317 269
322 269 322 269
328 269 327 269
333 269 333 269
339 269 340 269
345 269 346 269
351 269 351 270
357 269 358 270
363 269 363 269
369 269 370 269
375 269 376 270
381 269 381 270
386 269 387 269
392 269 392 269
275 275 275 276
281 275 281 275
286 275 287 275
292 275 292 275
304 275 303 274
310 275 310 275
316 275 316 275
322 275 322 275
328 275 327 275
333 275 334 275
339 275 340 275
345 275 346 274
351 275 351 274
357 275 357 275
363 275 363 275
369 275 370 275
375 275 376 275
381 275 382 275
386 275 387 275
392 275 392 275
398 275 398 275
281 281 280 281
286 281 286 281
292 281 292 281
298 281 297 280
304 281 303 281
310 281 309 281
322 281 322 281
328 281 328 281
333 281 334 281
339 281 339 281
345 281 346 281
351 281 352 280
357 281 357 280
363 281 364 280
369 281 369 280
375 281 375 281
381 281 380 281
386 281 386 281
392 281 392 281
398 281 398 281
298 287 298 287
304 287 304 287
310 287 310 287
316 287 316 287
322 287 321 287
328 287 327 287
333 287 333 287
339 287 339 287
345 287 346 287
351 287 351 287
357 287 357 287
363 287 363 287
310 293 310 293
316 293 316 293
322 293 322 293
351 293 351 293
351 298 351 298
322 304 322 304
328 304 328 304
333 304 334 305
322 310 322 310
328 310 328 310
322 316 322 316
328 316 328 316
322 322 322 322
328 322 328 322
333 322 333 322
322 328 322 328
333 328 334 328
339 328 339 328
245 351 245 351
251 351 251 351
386 351 386 351
392 351 392 352
245 357 245 357
251 357 251 357
386 357 386 358
392 357 392 358
245 363 245 363
251 363 251 363
316 363 316 361
316 369 316 369
316 375 316 375
316 381 316 381
316 387 316 387
316 392 316 392
322 392 321 393
316 398 316 399
322 398 321 398
