1 0 0 0.5504279732704163 
0 1 0 -0.2757447361946106 
0 0 1 -1.497338533401489 
0 0 0 1 

0.9386923313140869 0.1525461077690125 -0.3091703355312347 0.5057564973831177 
-0.114003598690033 0.9836776256561279 0.1392172574996948 -0.3734984993934631 
0.3253610134124756 -0.09543559700250626 0.9407614469528198 -1.45698082447052 
0 0 0 1 

0.9394066333770752 0.1512360125780106 -0.3076406121253967 0.5032474994659424 
-0.1134369820356369 0.9840059280395508 0.1373474597930908 -0.3705515265464783 
0.3234920799732208 -0.09412725269794464 0.9415374994277954 -1.457820296287537 
0 0 0 1 

