259 173 259 173
259 178 259 178
264 178 264 178
264 183 264 184
264 189 264 189
269 189 270 189
264 194 264 195
269 194 269 194
275 194 275 195
269 200 269 200
275 200 274 199
280 200 280 199
269 205 270 205
275 205 275 205
280 205 280 205
286 205 285 205
291 205 291 205
296 205 296 205
269 210 269 211
275 210 275 211
280 210 279 211
286 210 285 210
291 210 291 210
296 210 296 210
302 210 302 210
307 210 307 210
312 210 312 210
318 210 317 210
323 210 323 210
275 216 275 216
280 216 280 215
286 216 285 216
291 216 290 216
296 216 296 216
302 216 301 216
307 216 307 216
312 216 312 216
318 216 317 216
323 216 323 216
328 216 329 216
280 221 280 221
286 221 285 220
291 221 291 221
296 221 296 221
302 221 301 221
307 221 307 221
312 221 313 221
318 221 318 222
323 221 324 221
328 221 329 221
334 221 334 221
275 226 274 226
280 226 279 226
286 226 284 226
291 226 290 226
296 226 296 226
302 226 301 226
307 226 306 226
312 226 311 226
318 226 318 225
323 226 324 226
328 226 329 226
334 226 334 226
339 226 339 226
280 232 279 231
286 232 284 231
291 232 290 231
296 232 296 231
302 232 301 232
307 232 307 231
312 232 311 231
318 232 318 231
323 232 324 232
328 232 329 232
334 232 334 231
339 232 339 232
344 232 344 232
350 232 350 232
355 232 355 232
361 232 360 232
366 232 367 232
275 237 275 237
280 237 279 237
286 237 285 237
291 237 291 236
296 237 296 237
302 237 301 237
307 237 307 237
312 237 311 237
318 237 318 237
323 237 324 237
328 237 328 237
334 237 334 237
339 237 339 236
344 237 344 237
350 237 349 237
355 237 355 237
361 237 361 237
366 237 366 237
371 237 371 237
280 242 280 243
286 242 286 243
291 242 291 243
296 242 296 243
302 242 302 242
307 242 307 243
312 242 311 242
318 242 317 242
323 242 323 242
328 242 328 242
334 242 334 241
339 242 339 241
344 242 345 242
350 242 350 242
355 242 355 243
361 242 360 243
366 242 365 243
371 242 370 243
377 242 376 242
382 242 382 242
280 248 280 248
286 248 286 248
291 248 292 249
296 248 297 248
302 248 302 248
307 248 307 248
312 248 312 248
318 248 318 248
323 248 324 248
328 248 329 247
334 248 335 246
339 248 340 247
344 248 344 248
355 248 356 247
361 248 361 248
366 248 366 248
371 248 371 247
377 248 376 247
382 248 382 247
387 248 387 248
286 253 286 254
291 253 292 254
296 253 297 254
302 253 302 253
307 253 307 254
312 253 313 254
318 253 318 254
323 253 322 253
328 253 328 253
339 253 340 252
344 253 344 253
350 253 350 253
355 253 355 253
361 253 360 253
366 253 366 253
371 253 370 253
377 253 375 253
382 253 381 253
387 253 386 253
393 253 393 253
398 253 398 253
286 258 286 260
291 258 292 259
296 258 297 259
302 258 302 259
307 258 307 259
312 258 313 259
318 258 318 259
323 258 322 259
328 258 328 259
334 258 334 258
339 258 339 258
344 258 344 259
350 258 350 259
355 258 355 259
361 258 360 258
366 258 366 258
371 258 370 258
382 258 377 259
387 258 382 259
393 258 393 259
398 258 398 259
403 258 403 259
286 264 286 265
291 264 292 264
296 264 297 264
302 264 302 264
307 264 307 264
312 264 314 265
318 264 319 265
323 264 323 264
328 264 328 265
334 264 334 265
339 264 339 264
344 264 344 263
350 264 350 264
355 264 355 264
361 264 360 264
366 264 365 264
371 264 370 264
382 264 376 265
387 264 382 265
393 264 394 263
398 264 398 263
403 264 403 263
409 264 408 263
414 264 413 263
291 269 291 269
296 269 296 269
302 269 301 269
307 269 308 269
312 269 314 270
318 269 318 270
323 269 323 269
328 269 328 269
334 269 333 269
339 269 338 270
344 269 343 269
350 269 350 269
355 269 355 269
361 269 360 269
366 269 364 270
371 269 370 270
377 269 376 270
382 269 382 270
387 269 388 269
398 269 398 268
403 269 403 268
409 269 408 268
414 269 412 268
420 269 419 269
425 269 425 269
296 275 296 275
302 275 302 275
307 275 307 274
312 275 313 275
318 275 318 275
323 275 323 274
328 275 328 274
334 275 333 275
339 275 338 275
344 275 343 275
350 275 349 275
355 275 355 275
361 275 361 275
366 275 366 275
371 275 372 275
377 275 376 275
382 275 382 275
398 275 397 274
403 275 403 274
409 275 408 274
414 275 414 274
420 275 420 274
425 275 425 274
430 275 431 274
436 275 436 275
296 280 296 280
302 280 302 280
307 280 307 280
312 280 311 279
318 280 318 281
323 280 324 280
328 280 328 280
334 280 333 279
339 280 339 280
344 280 344 280
350 280 351 280
355 280 355 280
366 280 366 280
371 280 371 280
377 280 376 280
382 280 381 280
387 280 386 281
393 280 392 280
398 280 397 280
403 280 403 280
409 280 409 280
414 280 414 279
420 280 419 280
425 280 425 280
430 280 430 280
436 280 436 280
302 285 302 286
307 285 308 286
312 285 311 285
318 285 318 286
323 285 323 285
328 285 328 286
334 285 334 285
339 285 339 285
344 285 344 286
350 285 350 285
355 285 356 285
366 285 366 286
371 285 371 286
377 285 376 285
382 285 382 285
387 285 387 285
393 285 392 286
398 285 398 286
403 285 403 286
409 285 409 285
414 285 414 285
420 285 419 285
425 285 425 285
307 291 307 291
312 291 312 291
318 291 318 291
328 291 328 291
334 291 334 291
339 291 340 291
344 291 345 291
350 291 350 291
355 291 355 291
361 291 361 291
371 291 371 291
377 291 376 291
382 291 383 290
387 291 387 291
393 291 393 291
398 291 398 291
403 291 403 291
409 291 409 290
318 296 317 296
323 296 323 296
328 296 328 296
334 296 334 296
339 296 339 296
344 296 344 296
350 296 350 296
355 296 355 296
361 296 361 296
366 296 366 296
371 296 372 297
377 296 377 296
382 296 383 296
387 296 388 296
393 296 393 296
398 296 398 296
328 301 328 301
334 301 334 302
339 301 339 302
344 301 344 301
350 301 349 301
355 301 355 301
361 301 361 301
366 301 366 301
371 301 371 301
377 301 377 301
382 301 382 301
334 307 334 307
339 307 339 307
344 307 344 307
350 307 350 307
334 312 334 312
339 312 339 312
344 312 344 312
275 350 275 350
280 350 280 350
275 355 275 355
275 360 275 360
382 366 382 365
334 371 334 371
387 371 387 371
393 371 392 371
328 376 328 376
334 376 334 376
398 376 398 376
328 382 329 381
403 382 404 382
403 387 404 387
409 387 409 387
323 392 323 393
398 392 398 393
403 392 403 393
409 392 409 393
323 398 323 398
398 398 398 398
403 398 403 398
409 398 409 398
398 403 399 403
403 403 403 403
312 409 312 409
318 409 318 409
312 414 312 414
318 414 318 414
