1 0 0 0.5504279732704163 
0 1 0 -0.2757447361946106 
0 0 1 -1.497338533401489 
0 0 0 1 

0.914039671421051 0.1128732264041901 -0.3896034955978394 0.5412105917930603 
-0.08361633121967316 0.9923054575920105 0.09131345897912979 -0.3534819185733795 
0.3969125151634216 -0.0508868619799614 0.9164446592330933 -1.523238062858582 
0 0 0 1 

0.9139600396156311 0.1158673688769341 -0.388910710811615 0.5398761630058289 
-0.08579406887292862 0.9918792247772217 0.09388798475265503 -0.3571193516254425 
0.3966310322284698 -0.05244356766343117 0.91647869348526 -1.523010611534119 
0 0 0 1 

