1 0 0 0.5504279732704163 
0 1 0 -0.2757447361946106 
0 0 1 -1.497338533401489 
0 0 0 1 

0.9389588236808777 0.1526360362768173 -0.3083154261112213 0.5044265985488892 
-0.1141630560159683 0.9836485981941223 0.1392916589975357 -0.3737748563289642 
0.3245349824428558 -0.09559084475040436 0.9410309791564941 -1.457684278488159 
0 0 0 1 

0.939219057559967 0.1535061597824097 -0.3070884644985199 0.5024678707122803 
-0.1153252795338631 0.9835626482963562 0.1389410197734833 -0.3731055855751038 
0.3233690559864044 -0.09508093446493149 0.9414839148521423 -1.458049416542053 
0 0 0 1 

