259 173 259 173
259 178 259 178
264 178 264 178
264 183 264 183
264 189 264 189
269 189 269 189
264 194 264 195
269 194 269 194
275 194 275 194
269 200 269 199
275 200 274 199
280 200 280 199
269 205 269 204
275 205 275 205
280 205 280 205
286 205 286 205
291 205 291 205
296 205 296 205
269 210 269 210
275 210 274 210
280 210 280 210
286 210 285 210
291 210 291 210
296 210 296 210
302 210 302 210
307 210 307 210
312 210 312 210
318 210 318 210
323 210 323 210
269 216 269 216
275 216 274 215
280 216 280 215
286 216 285 215
291 216 291 216
296 216 296 216
302 216 301 216
307 216 306 215
312 216 311 215
318 216 317 216
323 216 323 216
328 216 328 216
275 221 275 221
280 221 280 221
286 221 286 221
291 221 291 221
296 221 297 221
302 221 301 221
307 221 307 221
312 221 312 221
318 221 317 221
323 221 322 221
328 221 328 221
334 221 334 221
275 226 275 226
280 226 280 226
286 226 285 225
291 226 291 226
296 226 296 225
302 226 302 226
307 226 306 226
312 226 311 225
318 226 317 226
323 226 323 226
328 226 328 226
334 226 334 226
339 226 339 226
275 232 275 232
280 232 280 232
286 232 285 232
291 232 290 233
296 232 296 232
302 232 302 232
307 232 307 232
318 232 317 231
323 232 322 232
328 232 328 232
334 232 334 232
339 232 339 232
344 232 344 232
355 232 354 232
361 232 360 232
366 232 366 232
275 237 275 237
280 237 280 236
286 237 285 237
291 237 290 237
296 237 295 238
302 237 301 238
307 237 307 237
318 237 317 238
323 237 323 237
328 237 328 237
334 237 334 238
339 237 339 238
344 237 344 237
350 237 350 237
355 237 355 236
361 237 360 237
366 237 366 237
371 237 371 237
280 242 280 242
286 242 285 243
291 242 290 243
296 242 296 243
302 242 300 243
307 242 306 243
312 242 312 243
318 242 318 243
328 242 330 248
339 242 339 243
344 242 344 243
350 242 350 242
355 242 355 242
361 242 361 242
366 242 366 242
371 242 371 242
377 242 377 242
382 242 382 242
280 248 280 248
286 248 286 248
291 248 291 247
296 248 296 248
302 248 302 248
307 248 308 248
312 248 312 248
318 248 318 248
323 248 323 254
328 248 328 254
339 248 339 249
344 248 344 248
350 248 350 248
355 248 355 248
361 248 360 248
366 248 365 248
371 248 371 248
377 248 376 247
382 248 382 247
387 248 387 248
280 253 280 253
286 253 285 253
291 253 291 253
296 253 296 253
302 253 302 253
307 253 308 254
312 253 312 253
318 253 318 252
339 253 339 254
344 253 344 254
350 253 350 254
355 253 355 253
361 253 360 254
366 253 366 253
371 253 372 254
377 253 377 253
382 253 383 253
387 253 387 253
393 253 392 253
398 253 398 253
286 258 286 259
291 258 290 259
296 258 296 258
302 258 302 258
307 258 307 259
312 258 312 258
318 258 317 257
323 258 323 258
328 258 328 258
334 258 333 259
339 258 339 260
344 258 344 260
350 258 350 259
355 258 355 259
361 258 360 259
366 258 366 259
371 258 371 259
377 258 377 258
382 258 383 258
393 258 393 258
398 258 399 258
403 258 405 258
286 264 286 264
291 264 291 264
296 264 296 264
302 264 302 264
307 264 306 263
312 264 312 264
318 264 318 264
323 264 323 265
328 264 328 264
334 264 333 264
339 264 339 265
344 264 345 265
350 264 350 265
355 264 355 263
361 264 360 264
366 264 365 264
371 264 371 264
377 264 377 264
382 264 383 263
387 264 389 262
393 264 394 263
398 264 399 264
403 264 404 264
409 264 410 264
414 264 415 264
291 269 291 270
296 269 296 270
302 269 302 269
307 269 307 269
312 269 312 269
318 269 317 269
323 269 323 269
328 269 328 269
334 269 333 269
339 269 339 269
344 269 345 270
350 269 350 270
355 269 355 269
361 269 360 269
366 269 366 270
371 269 370 270
377 269 376 269
382 269 382 268
387 269 388 268
393 269 394 268
398 269 399 270
403 269 404 270
409 269 409 270
414 269 414 269
420 269 419 269
425 269 425 269
296 275 296 275
302 275 302 275
307 275 307 274
312 275 312 274
318 275 317 275
323 275 323 275
328 275 328 275
334 275 334 274
339 275 339 275
344 275 345 276
350 275 350 275
355 275 355 275
361 275 360 275
366 275 366 275
371 275 370 275
377 275 376 275
382 275 381 274
387 275 388 274
393 275 394 274
398 275 399 275
403 275 405 275
409 275 410 275
414 275 414 275
420 275 420 274
425 275 425 274
430 275 430 274
436 275 436 275
296 280 296 280
302 280 301 279
307 280 307 280
312 280 311 279
318 280 317 280
323 280 323 280
328 280 328 280
334 280 334 280
339 280 339 280
344 280 345 280
350 280 350 280
355 280 356 280
366 280 366 280
371 280 371 281
377 280 376 281
382 280 381 280
387 280 388 280
393 280 393 279
398 280 399 280
403 280 405 280
409 280 410 280
414 280 415 280
420 280 420 280
425 280 425 280
430 280 430 280
436 280 435 280
302 285 301 285
307 285 306 285
312 285 311 285
318 285 317 285
323 285 323 285
328 285 328 285
334 285 334 285
339 285 340 285
344 285 345 285
350 285 350 286
355 285 356 286
361 285 361 286
366 285 366 286
371 285 371 286
377 285 376 286
382 285 382 285
387 285 388 285
393 285 394 285
398 285 398 285
403 285 404 285
409 285 409 285
414 285 414 285
420 285 419 285
425 285 425 285
307 291 307 290
312 291 313 291
318 291 318 290
323 291 323 291
328 291 329 291
334 291 334 290
339 291 340 290
344 291 345 290
350 291 350 291
355 291 356 291
361 291 362 291
371 291 372 291
377 291 377 291
382 291 382 291
387 291 388 290
393 291 394 290
398 291 398 291
403 291 403 291
409 291 409 291
318 296 318 296
323 296 328 297
334 296 334 296
339 296 339 296
344 296 345 296
350 296 350 296
355 296 356 296
361 296 361 296
366 296 367 296
371 296 372 296
377 296 377 296
382 296 382 296
387 296 389 296
393 296 393 296
398 296 398 296
328 301 329 301
334 301 333 301
339 301 338 301
344 301 345 302
350 301 350 301
355 301 355 302
361 301 361 301
366 301 366 301
371 301 371 301
377 301 376 301
382 301 382 301
334 307 334 307
339 307 339 307
344 307 345 307
350 307 349 307
334 312 334 312
339 312 339 312
344 312 344 312
275 350 275 350
280 350 280 350
275 355 275 355
382 366 382 366
334 371 334 371
387 371 388 371
393 371 393 371
328 376 328 376
334 376 334 376
328 382 328 382
328 387 328 388
403 387 403 387
409 387 409 387
323 392 322 393
398 392 398 392
403 392 403 393
409 392 409 393
323 398 323 398
398 398 398 398
403 398 404 398
409 398 409 398
318 403 318 403
398 403 398 403
403 403 403 403
312 409 312 408
318 409 318 408
312 414 312 414
318 414 318 414
