1 0 0 0.5504279732704163 
0 1 0 -0.2757447361946106 
0 0 1 -1.497338533401489 
0 0 0 1 

0.9148939251899719 0.113081619143486 -0.3875325620174408 0.5375186204910278 
-0.08388344943523407 0.992264986038208 0.09150830656290054 -0.3536432385444641 
0.3948829174041748 -0.05121279507875443 0.9173029065132141 -1.524411916732788 
0 0 0 1 

0.9141836762428284 0.1152981817722321 -0.3885546624660492 0.538506031036377 
-0.08597047626972198 0.9920316338539124 0.09210164844989777 -0.3543723821640015 
0.3960776031017303 -0.05079349875450134 0.9168113470077515 -1.522981286048889 
0 0 0 1 

