234 134 233 134
228 140 228 140
234 140 233 140
239 140 240 140
228 146 228 146
234 146 233 146
239 146 239 146
222 151 222 151
228 151 228 152
234 151 233 152
239 151 239 151
245 151 245 151
222 157 222 158
228 157 228 158
234 157 234 157
239 157 239 157
245 157 245 156
222 163 222 164
228 163 228 163
234 163 233 163
239 163 239 163
245 163 245 164
228 169 228 169
234 169 233 169
239 169 240 169
245 169 245 170
251 169 251 169
228 175 228 175
234 175 234 175
239 175 239 175
234 181 234 181
239 181 239 181
245 181 245 181
234 187 233 186
239 187 239 187
245 187 245 186
251 187 251 187
234 193 234 193
239 193 239 192
245 193 245 193
251 193 251 193
257 193 257 193
245 198 245 198
251 198 251 199
257 198 257 199
239 204 239 203
245 204 245 203
251 204 251 204
257 204 257 204
263 204 263 204
269 204 269 204
275 204 274 204
239 210 239 209
245 210 244 208
251 210 251 209
257 210 258 210
263 210 263 210
269 210 269 210
275 210 274 210
281 210 279 210
286 210 286 210
292 210 292 210
298 210 297 210
304 210 304 210
310 210 309 210
316 210 315 211
322 210 321 211
328 210 327 210
333 210 333 210
339 210 345 211
351 210 351 210
357 210 357 210
245 216 245 215
251 216 251 216
257 216 257 217
263 216 263 216
269 216 269 216
275 216 274 216
281 216 280 216
286 216 286 216
292 216 293 215
298 216 298 216
304 216 304 216
310 216 309 216
316 216 315 216
322 216 321 216
328 216 328 215
333 216 334 216
345 216 345 216
351 216 350 216
357 216 357 216
363 216 363 216
245 222 245 222
251 222 251 223
257 222 257 222
263 222 263 222
269 222 269 222
275 222 274 223
281 222 280 222
286 222 287 221
292 222 293 220
298 222 298 220
304 222 304 221
310 222 310 221
316 222 316 221
322 222 321 222
328 222 328 222
333 222 333 222
339 222 339 222
345 222 344 222
351 222 351 221
357 222 358 222
363 222 363 223
245 228 246 229
251 228 251 229
257 228 257 228
263 228 263 228
269 228 269 228
275 228 275 228
281 228 281 229
286 228 287 227
292 228 293 227
298 228 299 227
304 228 305 227
310 228 310 228
316 228 317 227
322 228 321 227
328 228 327 228
333 228 332 228
339 228 338 228
345 228 345 228
351 228 351 228
357 228 357 228
363 228 364 229
369 228 369 228
257 234 257 234
263 234 262 233
269 234 269 234
275 234 275 234
281 234 282 235
286 234 288 234
292 234 293 234
298 234 299 234
304 234 305 235
310 234 310 235
316 234 316 234
322 234 321 234
328 234 327 234
333 234 333 234
339 234 339 233
345 234 344 234
351 234 350 234
357 234 357 234
363 234 363 234
369 234 369 234
251 240 251 240
257 240 256 239
263 240 262 238
269 240 268 238
275 240 274 239
281 240 281 239
286 240 288 239
292 240 293 240
298 240 299 240
304 240 305 240
310 240 310 240
316 240 316 240
322 240 321 239
328 240 328 239
333 240 334 239
339 240 339 239
351 240 350 240
357 240 357 240
363 240 363 240
369 240 369 240
375 240 375 240
251 245 251 245
257 245 256 245
263 245 262 244
269 245 268 244
275 245 275 246
281 245 281 245
286 245 287 245
292 245 293 245
298 245 299 245
304 245 304 246
310 245 309 246
316 245 315 246
322 245 321 245
328 245 328 244
333 245 333 244
339 245 338 245
345 245 344 245
351 245 350 245
357 245 356 245
363 245 363 245
369 245 368 245
375 245 374 246
251 251 251 251
257 251 256 251
263 251 263 252
269 251 269 251
275 251 275 251
286 251 287 250
292 251 293 251
298 251 298 251
304 251 304 251
310 251 309 252
316 251 315 251
322 251 321 251
328 251 328 250
333 251 333 250
339 251 338 251
345 251 344 251
351 251 351 251
357 251 356 251
363 251 362 251
375 251 374 251
381 251 381 252
257 257 257 258
263 257 264 258
269 257 269 258
275 257 275 256
281 257 280 257
286 257 287 257
292 257 293 256
298 257 298 257
304 257 304 256
310 257 310 257
316 257 315 256
322 257 320 256
328 257 326 256
333 257 333 256
339 257 338 256
345 257 344 257
351 257 350 257
363 257 357 258
369 257 364 258
375 257 376 258
381 257 382 258
386 257 387 258
263 263 263 263
269 263 269 264
275 263 274 262
281 263 280 262
292 263 293 263
298 263 298 263
304 263 304 262
310 263 309 262
316 263 315 263
322 263 320 263
328 263 326 264
339 263 339 262
345 263 346 262
351 263 351 262
363 263 357 264
369 263 362 264
375 263 374 263
381 263 381 264
386 263 387 264
269 269 268 269
275 269 274 269
281 269 280 269
286 269 286 269
292 269 292 269
298 269 298 270
304 269 305 269
310 269 310 269
316 269 317 269
322 269 322 269
328 269 327 269
339 269 340 268
345 269 346 268
351 269 351 268
357 269 357 268
363 269 363 269
369 269 369 270
375 269 375 270
381 269 381 270
386 269 387 270
392 269 392 269
275 275 274 274
281 275 280 275
286 275 286 275
292 275 292 275
304 275 304 276
310 275 310 276
316 275 317 276
322 275 322 275
328 275 328 275
333 275 339 275
339 275 344 274
351 275 351 275
357 275 357 275
363 275 363 275
369 275 369 275
375 275 375 275
381 275 380 275
386 275 387 275
392 275 392 275
398 275 398 275
281 281 281 281
286 281 286 281
292 281 292 281
298 281 298 281
304 281 305 281
310 281 310 281
328 281 328 281
333 281 333 281
339 281 341 281
345 281 346 281
351 281 351 281
357 281 357 281
363 281 363 281
369 281 370 281
375 281 375 280
381 281 380 281
386 281 386 281
392 281 392 281
398 281 398 281
304 287 304 287
310 287 310 287
316 287 316 287
322 287 321 287
328 287 327 286
333 287 332 287
339 287 339 287
345 287 345 287
351 287 351 287
357 287 356 287
363 287 362 287
310 293 310 293
316 293 316 293
322 293 322 293
351 293 351 292
322 304 322 304
328 304 327 304
333 304 333 304
322 310 322 310
328 310 328 310
322 316 322 316
328 316 327 316
322 322 322 322
328 322 328 322
333 322 334 322
322 328 322 328
333 328 333 328
339 328 340 328
245 351 245 351
251 351 251 351
386 351 386 352
392 351 392 351
245 357 245 357
251 357 251 357
386 357 386 357
392 357 392 357
245 363 245 363
251 363 251 363
316 363 316 363
316 369 316 368
316 375 316 373
316 381 316 380
316 387 316 387
316 392 316 393
322 392 322 393
316 398 316 398
322 398 322 399
