234 134 234 134
234 140 234 140
239 140 239 140
228 146 228 145
239 146 240 146
228 151 228 151
239 151 240 153
222 157 222 158
228 157 228 157
234 157 234 158
239 157 240 158
245 157 246 157
222 163 222 163
228 163 228 163
239 163 239 163
228 169 228 169
234 169 234 169
228 175 228 175
234 175 233 175
239 175 239 175
234 181 233 181
239 181 239 181
245 181 245 181
234 187 233 186
239 187 239 186
245 187 245 186
251 187 251 187
239 193 239 193
245 193 245 192
251 193 251 193
257 193 257 193
239 198 239 198
245 198 245 197
251 198 251 198
257 198 257 199
239 204 240 204
245 204 245 203
251 204 251 204
257 204 257 204
275 204 275 204
245 210 245 209
251 210 251 210
257 210 257 210
269 210 269 211
275 210 275 210
281 210 280 210
286 210 286 210
292 210 292 210
298 210 298 210
304 210 304 210
310 210 310 210
316 210 315 210
322 210 321 210
339 210 339 210
345 210 345 210
351 210 352 210
357 210 357 210
251 216 251 216
257 216 257 216
263 216 262 215
275 216 275 216
281 216 281 216
286 216 286 216
292 216 293 216
316 216 316 216
328 216 327 216
333 216 333 216
345 216 345 216
351 216 351 216
357 216 356 216
363 216 363 216
245 222 246 221
251 222 251 222
257 222 257 221
263 222 263 222
269 222 269 221
275 222 275 222
281 222 281 222
304 222 305 222
310 222 310 222
316 222 316 222
322 222 322 221
339 222 339 222
345 222 346 222
351 222 352 222
357 222 357 222
363 222 363 222
245 228 245 227
251 228 252 227
257 228 257 227
263 228 263 227
269 228 269 228
281 228 282 228
286 228 288 227
292 228 294 228
298 228 299 229
304 228 305 229
310 228 310 229
316 228 316 228
322 228 322 227
345 228 347 228
363 228 362 228
369 228 369 228
257 234 257 233
263 234 263 233
269 234 269 233
275 234 275 234
298 234 299 234
304 234 305 234
310 234 310 234
316 234 316 234
345 234 346 234
351 234 353 234
357 234 358 234
363 234 362 233
251 240 251 239
257 240 257 239
263 240 262 239
269 240 268 238
275 240 274 239
281 240 281 240
286 240 288 239
292 240 293 240
298 240 299 241
304 240 304 240
310 240 310 240
316 240 315 240
322 240 321 239
351 240 351 240
363 240 362 240
369 240 369 240
375 240 375 240
257 245 256 245
263 245 262 244
269 245 268 244
275 245 275 245
286 245 287 245
292 245 293 245
298 245 300 245
304 245 306 245
310 245 311 245
316 245 316 245
322 245 322 245
345 245 347 245
363 245 362 245
369 245 368 246
375 245 375 246
257 251 258 252
269 251 268 251
275 251 274 251
286 251 286 250
292 251 292 251
298 251 299 251
304 251 305 250
310 251 311 250
316 251 315 250
369 251 368 251
375 251 375 251
381 251 381 251
257 257 257 258
269 257 268 257
275 257 274 257
281 257 280 257
286 257 286 256
292 257 292 258
298 257 297 258
304 257 304 257
310 257 310 256
316 257 315 257
328 257 327 257
357 257 357 256
363 257 363 257
369 257 369 258
375 257 376 257
381 257 382 257
269 263 269 264
275 263 275 264
281 263 280 263
292 263 292 263
298 263 297 263
304 263 303 263
310 263 310 263
316 263 315 263
322 263 321 264
328 263 326 264
333 263 333 263
345 263 345 262
369 263 368 263
375 263 375 263
381 263 381 263
386 263 387 263
269 269 269 270
281 269 280 269
286 269 286 269
292 269 292 269
304 269 304 269
310 269 310 269
316 269 316 268
322 269 322 269
328 269 327 270
333 269 334 269
339 269 339 268
345 269 345 268
351 269 351 268
357 269 358 268
363 269 363 269
369 269 369 269
375 269 375 269
381 269 381 269
386 269 387 269
392 269 393 269
275 275 275 275
281 275 281 275
286 275 286 274
304 275 305 276
310 275 310 275
316 275 316 275
322 275 323 274
328 275 327 275
333 275 333 275
339 275 339 275
345 275 345 275
357 275 357 275
363 275 363 275
369 275 369 275
375 275 375 275
386 275 386 275
392 275 392 275
398 275 398 275
281 281 281 281
286 281 287 281
292 281 292 281
298 281 298 281
304 281 305 281
310 281 311 281
322 281 323 281
328 281 327 280
333 281 333 281
339 281 339 281
345 281 346 281
351 281 351 281
357 281 357 281
363 281 363 281
369 281 369 281
375 281 375 281
381 281 380 281
386 281 387 281
392 281 392 281
398 281 398 281
298 287 298 287
304 287 304 287
310 287 310 287
316 287 317 287
322 287 322 287
328 287 327 287
333 287 334 287
339 287 340 287
345 287 346 287
351 287 351 287
357 287 356 287
363 287 363 287
245 357 245 357
392 357 392 357
316 375 316 374
316 398 316 398
