269 200 16 232
280 200 15 225
280 205 21 232
275 210 15 239
280 210 23 236
312 210 42 229
318 210 52 228
275 216 17 243
280 216 24 243
312 216 41 235
318 216 48 234
328 216 72 233
280 221 24 249
307 221 34 241
312 221 41 242
318 221 49 240
323 221 60 238
328 221 73 239
318 226 54 247
328 226 73 245
334 226 79 243
344 232 108 269
361 232 134 263
366 232 140 262
275 237 20 262
318 237 72 275
344 237 109 277
355 237 126 270
280 242 32 274
291 242 38 272
307 242 51 265
312 242 58 266
355 242 127 276
371 242 146 270
377 242 153 269
280 248 32 281
291 248 39 279
307 248 52 270
312 248 60 272
366 248 147 274
371 248 152 273
291 253 40 285
318 253 71 281
323 253 78 279
366 253 146 280
393 253 173 278
398 253 179 278
302 258 53 290
307 258 58 288
312 258 64 287
318 258 71 287
323 258 79 286
334 258 91 285
387 258 166 282
393 258 174 282
291 264 42 298
296 264 48 297
302 264 54 296
307 264 59 295
312 264 65 294
318 264 72 293
334 264 85 287
377 264 161 286
302 269 54 303
307 269 60 301
312 269 66 300
318 269 73 299
334 269 88 294
344 269 98 293
371 269 149 294
377 269 160 293
387 269 167 292
393 269 175 290
398 269 181 289
307 275 61 307
328 275 84 301
344 275 98 298
350 275 109 295
371 275 150 300
377 275 155 299
387 275 169 297
393 275 176 295
436 275 203 287
318 280 68 309
323 280 74 307
328 280 81 306
334 280 92 307
339 280 100 305
366 280 136 308
371 280 150 305
377 280 156 304
387 280 162 306
430 280 193 295
436 280 201 293
307 285 61 315
318 285 70 315
323 285 75 314
328 285 81 314
334 285 92 314
339 285 100 312
344 285 107 312
366 285 137 313
371 285 151 312
377 285 157 312
312 291 64 322
318 291 70 322
323 291 75 322
328 291 82 321
334 291 90 323
339 291 101 319
344 291 108 318
328 296 83 327
361 296 128 318
377 296 147 318
393 296 163 311
355 301 126 327
361 301 133 325
371 301 139 325
377 301 146 324
382 301 151 325
334 307 122 336
339 307 128 334
350 307 108 336
339 312 128 340
280 350 59 410
275 355 54 417
275 360 54 424
382 366 172 405
387 371 180 411
403 387 201 427
398 392 195 436
403 392 201 435
398 398 196 446
403 398 201 442
409 398 207 441
