259 173 259 173
259 178 259 178
264 178 264 178
264 183 264 183
264 189 264 189
269 189 270 189
264 194 264 194
269 194 270 194
275 194 275 194
269 200 270 200
275 200 275 200
280 200 280 200
269 205 269 205
275 205 274 205
280 205 280 205
286 205 286 205
291 205 291 205
296 205 296 205
269 210 269 210
275 210 275 211
280 210 280 210
286 210 286 210
291 210 291 210
296 210 296 210
302 210 302 210
307 210 307 210
312 210 312 210
318 210 318 210
323 210 323 210
275 216 275 216
280 216 279 216
286 216 285 215
291 216 291 216
296 216 296 215
302 216 301 215
307 216 307 215
312 216 313 215
318 216 318 215
323 216 323 216
328 216 329 216
280 221 280 221
286 221 285 220
291 221 291 221
296 221 296 221
302 221 301 222
307 221 307 222
312 221 313 221
318 221 319 221
323 221 324 221
328 221 329 221
334 221 334 221
275 226 274 225
286 226 285 226
291 226 290 227
296 226 296 227
302 226 301 227
307 226 307 227
318 226 319 226
323 226 325 226
328 226 329 226
334 226 333 226
339 226 339 226
280 232 280 230
286 232 285 231
291 232 291 231
296 232 296 231
302 232 301 231
307 232 307 232
318 232 318 231
323 232 324 231
328 232 329 231
334 232 334 231
339 232 339 231
344 232 344 232
355 232 355 232
361 232 361 232
366 232 366 232
275 237 275 237
280 237 280 236
286 237 286 236
291 237 292 237
296 237 295 236
302 237 301 236
307 237 306 237
312 237 311 237
318 237 317 237
323 237 323 236
328 237 328 236
334 237 333 236
339 237 339 236
344 237 344 237
350 237 349 237
355 237 355 237
361 237 360 237
366 237 366 237
371 237 371 237
280 242 280 242
286 242 286 242
291 242 292 243
296 242 296 242
302 242 301 242
307 242 307 242
312 242 311 242
318 242 317 242
323 242 322 242
328 242 328 241
334 242 334 241
339 242 339 241
344 242 345 242
350 242 350 242
355 242 356 242
361 242 361 243
366 242 366 242
371 242 371 243
377 242 377 243
382 242 382 243
280 248 280 248
286 248 286 249
291 248 291 249
296 248 296 248
302 248 301 247
307 248 307 247
312 248 313 247
318 248 317 248
323 248 322 248
328 248 328 247
334 248 335 247
339 248 340 247
344 248 345 248
350 248 350 248
355 248 356 249
361 248 362 248
366 248 366 248
371 248 371 248
377 248 376 248
382 248 381 248
387 248 388 248
286 253 286 254
291 253 291 254
296 253 296 253
302 253 301 252
307 253 306 252
312 253 312 253
318 253 318 254
323 253 322 253
328 253 327 253
334 253 334 253
339 253 340 253
344 253 344 253
350 253 350 253
355 253 356 254
361 253 361 253
366 253 366 253
371 253 372 253
377 253 377 253
382 253 382 254
387 253 387 253
393 253 393 254
398 253 398 253
286 258 286 259
291 258 291 259
296 258 296 258
302 258 301 258
307 258 307 258
312 258 312 258
318 258 317 258
323 258 322 258
328 258 327 259
334 258 334 260
339 258 340 259
344 258 344 258
350 258 350 258
361 258 361 258
366 258 367 258
371 258 372 258
377 258 377 259
382 258 383 259
387 258 387 259
393 258 393 259
398 258 399 259
403 258 404 259
286 264 285 264
291 264 291 264
296 264 296 264
302 264 302 264
307 264 307 264
312 264 312 264
318 264 317 263
323 264 323 264
328 264 328 264
334 264 334 264
339 264 340 264
344 264 344 264
350 264 349 263
355 264 355 263
361 264 360 264
366 264 367 264
371 264 373 263
377 264 378 264
382 264 383 264
387 264 388 264
393 264 393 264
398 264 398 264
403 264 403 264
409 264 408 264
414 264 414 264
420 264 419 264
291 269 291 270
296 269 297 269
302 269 303 269
307 269 308 269
312 269 312 269
318 269 317 269
323 269 323 269
328 269 329 269
334 269 334 270
339 269 339 269
344 269 344 269
350 269 350 269
355 269 355 270
361 269 361 269
366 269 365 270
371 269 371 270
377 269 377 269
382 269 383 269
387 269 389 269
393 269 394 269
398 269 399 268
403 269 404 268
409 269 409 268
414 269 414 269
420 269 419 269
425 269 425 269
296 275 297 275
302 275 302 274
307 275 307 275
312 275 312 275
318 275 318 275
323 275 324 275
328 275 328 275
334 275 333 275
339 275 339 275
344 275 344 275
350 275 351 275
355 275 355 275
361 275 360 275
366 275 365 275
371 275 371 275
377 275 377 275
382 275 383 275
387 275 388 275
393 275 393 274
398 275 398 274
403 275 403 273
409 275 409 273
414 275 415 273
420 275 420 274
425 275 425 274
430 275 431 274
436 275 436 275
296 280 297 281
302 280 302 280
307 280 307 280
312 280 313 280
318 280 318 280
323 280 324 280
328 280 328 280
334 280 333 280
339 280 339 279
344 280 344 280
350 280 351 281
355 280 355 280
361 280 361 280
366 280 366 280
371 280 371 280
377 280 377 280
382 280 382 280
387 280 387 281
393 280 393 281
398 280 398 281
403 280 403 281
409 280 409 280
414 280 414 280
420 280 420 280
425 280 425 280
430 280 430 280
436 280 436 280
302 285 302 286
307 285 307 286
312 285 313 285
318 285 318 285
323 285 323 285
328 285 327 286
334 285 333 286
339 285 339 285
344 285 344 286
350 285 351 286
355 285 355 285
366 285 365 285
371 285 371 286
377 285 376 285
382 285 381 285
387 285 387 286
393 285 392 286
398 285 398 286
403 285 403 286
409 285 409 285
414 285 414 285
420 285 419 285
425 285 425 285
307 291 307 291
312 291 312 290
318 291 318 290
323 291 322 290
328 291 327 291
334 291 333 291
339 291 338 291
344 291 345 291
350 291 350 291
355 291 356 291
361 291 360 291
371 291 370 291
377 291 375 291
387 291 383 291
393 291 392 291
398 291 398 291
403 291 403 291
409 291 409 291
318 296 318 296
323 296 323 295
328 296 328 296
334 296 333 296
339 296 338 295
344 296 344 295
350 296 350 296
355 296 356 296
361 296 361 296
366 296 366 296
371 296 370 296
377 296 376 296
382 296 381 296
387 296 387 296
393 296 393 296
398 296 398 296
328 301 328 302
334 301 334 302
339 301 340 301
344 301 345 301
350 301 350 301
355 301 356 301
361 301 361 301
366 301 366 301
371 301 371 301
377 301 376 301
382 301 382 301
334 307 334 307
339 307 339 307
344 307 344 307
350 307 350 307
334 312 334 312
339 312 339 312
344 312 345 312
275 350 275 350
280 350 280 350
275 355 275 355
382 366 382 366
387 366 387 366
334 371 334 371
387 371 388 371
393 371 393 371
328 376 328 376
334 376 333 376
328 382 328 382
403 382 404 382
403 387 404 387
409 387 409 387
323 392 323 392
398 392 398 392
403 392 403 392
409 392 409 392
323 398 323 398
398 398 398 398
403 398 403 398
409 398 409 398
398 403 398 403
403 403 404 403
312 409 312 409
318 409 318 409
312 414 312 414
318 414 317 414
