1 0 0 0.5504279732704163 
0 1 0 -0.2757447361946106 
0 0 1 -1.497338533401489 
0 0 0 1 

0.9151183366775513 0.1102985739707947 -0.38780477643013 0.539221465587616 
-0.08170612156391144 0.9926283359527588 0.08951588720083237 -0.3507784008979797 
0.3948194980621338 -0.05023156479001045 0.9173844456672668 -1.524903535842896 
0 0 0 1 

0.9124711751937866 0.1143669113516808 -0.3928312659263611 0.5465507507324219 
-0.08474188297986984 0.9921457171440125 0.09200916439294815 -0.354203850030899 
0.4002686738967896 -0.05066639557480812 0.9149960279464722 -1.520834445953369 
0 0 0 1 

