1 0 0 0.5504279732704163 
0 1 0 -0.2757447361946106 
0 0 1 -1.497338533401489 
0 0 0 1 

0.9144882559776306 0.1116928607225418 -0.3888903260231018 0.5404037833213806 
-0.082871213555336 0.9924722909927368 0.0901726633310318 -0.3517201542854309 
0.3960345089435577 -0.05023397877812386 0.9168604016304016 -1.524020671844482 
0 0 0 1 

0.9137863516807556 0.1142751574516296 -0.3897899389266968 0.541326105594635 
-0.0848161056637764 0.9921372532844543 0.09203215688467026 -0.3541559278964996 
0.3972420990467072 -0.05103719606995583 0.916293740272522 -1.522541284561157 
0 0 0 1 

